0
[0.0, 25]
inf
0
0.0
50
[50.0, 0.0]
[50.0, 25.0]

1
[1.849611391923474, -9.072286537311804]
0.15396543933994075
56
-1.0751567683439536
18.421321736064176
[18.421321736064176, -0.0]
[68.42132173606417, 25.0]

2
[0.0, 25]
inf
0
-1.0751567683439536
50
[23.779717275261987, 43.98323596904401]
[92.20103901132616, 68.98323596904402]

3
[0.4267146348356053, 15.852611933824722]
0.3615167286413692
28
-1.478478830041496
21.43678074153555
[10.195211706509928, 18.857179715432327]
[102.39625071783608, 87.84041568447634]

4
[0.0, 25]
inf
0
-1.478478830041496
50
[4.609321149894277, 49.78708827132932]
[107.00557186773035, 137.62750395580565]

5
[0.0, 25]
inf
0
-1.478478830041496
50
[4.609321149894277, 49.78708827132932]
[111.61489301762462, 187.41459222713496]

6
[-0.7649217947693504, 34.272184980922894]
0.054744690777225026
114
-0.8254959714567961
12.121742437367429
[1.117460075802574, 12.070125214630615]
[112.7323530934272, 199.48471744176558]

7
[0.0, 25]
inf
0
-0.8254959714567961
50
[33.90962837234008, 36.74421183873439]
[146.6419814657673, 236.22892928049998]

8
[1.1687408622449298, 24.289339978544156]
0.1335080877991911
85
-1.6885436092996007
0.6080561092822585
[0.4123791339058479, 0.44685084978607864]
[147.05436059967315, 236.67578013028606]

9
[0.0, 25]
inf
0
-1.6885436092996007
50
[-5.873769402163512, 49.653789714484105]
[141.18059119750964, 286.32956984477016]

10
[1.189905659879246, -10.91871541379814]
0.15876217344067983
81
-2.5604440187791755
30.18618754821558
[-3.5461340957735574, 29.977172176021504]
[137.63445710173607, 316.30674202079166]

11
[0.0, 25]
inf
0
-2.5604440187791755
50
[-41.791630944216394, 27.449218258857844]
[95.84282615751968, 343.7559602796495]

12
[0.0, 25]
inf
0
-2.5604440187791755
50
[-41.791630944216394, 27.449218258857844]
[54.05119521330329, 371.20517853850737]

13
[0.031127251169172834, 32.254834599795615]
0.6913656670191102
19
-2.5915612226642524
-233.07019821205762
[194.80767415547353, -127.95189480716057]
[248.85886936877682, 243.2532837313468]

