0
[ 0 25]
153
0 24
1 24
2 24
3 24
4 24
5 24
6 24
7 24
8 24
9 24
10 24
11 24
12 24
13 24
14 24
15 24
16 24
17 24
18 24
19 24
20 24
21 24
22 24
23 24
24 24
25 24
26 24
27 24
28 24
29 24
30 24
31 24
32 24
33 24
34 24
35 24
36 24
37 24
38 24
39 24
40 24
41 24
42 24
43 24
44 24
45 24
46 24
47 24
48 24
49 24
50 24
0 25
1 25
2 25
3 25
4 25
5 25
6 25
7 25
8 25
9 25
10 25
11 25
12 25
13 25
14 25
15 25
16 25
17 25
18 25
19 25
20 25
21 25
22 25
23 25
24 25
25 25
26 25
27 25
28 25
29 25
30 25
31 25
32 25
33 25
34 25
35 25
36 25
37 25
38 25
39 25
40 25
41 25
42 25
43 25
44 25
45 25
46 25
47 25
48 25
49 25
50 25
0 26
1 26
2 26
3 26
4 26
5 26
6 26
7 26
8 26
9 26
10 26
11 26
12 26
13 26
14 26
15 26
16 26
17 26
18 26
19 26
20 26
21 26
22 26
23 26
24 26
25 26
26 26
27 26
28 26
29 26
30 26
31 26
32 26
33 26
34 26
35 26
36 26
37 26
38 26
39 26
40 26
41 26
42 26
43 26
44 26
45 26
46 26
47 26
48 26
49 26
50 26

1
[50. 25.]
149
0 24
1 24
2 24
3 24
4 24
5 24
6 24
7 24
8 24
9 24
10 24
11 24
12 24
13 24
14 24
15 24
16 24
17 24
18 24
19 24
20 24
21 24
22 24
0 25
1 25
2 25
3 25
4 25
5 25
6 25
7 25
8 25
9 25
10 25
11 25
12 25
13 25
14 25
15 25
16 25
17 25
18 25
19 25
20 25
21 25
22 25
0 26
1 26
2 26
3 26
4 26
5 26
6 26
7 26
8 26
9 26
10 26
11 26
12 26
13 26
14 26
15 26
16 26
17 26
18 26
19 26
20 26
21 26
22 26
20 27
21 27
22 27
20 28
21 28
22 28
20 29
21 29
22 29
23 29
21 30
22 30
23 30
21 31
22 31
23 31
24 31
22 32
23 32
24 32
22 33
23 33
24 33
25 33
23 34
24 34
25 34
23 35
24 35
25 35
26 35
24 36
25 36
26 36
24 37
25 37
26 37
25 38
26 38
27 38
25 39
26 39
27 39
26 40
27 40
28 40
26 41
27 41
28 41
26 42
27 42
28 42
29 42
27 43
28 43
29 43
27 44
28 44
29 44
30 44
28 45
29 45
30 45
28 46
29 46
30 46
31 46
29 47
30 47
31 47
29 48
30 48
31 48
32 48
30 49
31 49
32 49
30 50
31 50
32 50

2
[68.42132174 25.        ]
155
0 22
0 21
0 24
0 23
1 22
1 21
0 26
0 25
1 24
1 24
2 23
2 22
2 24
2 23
3 22
3 25
3 24
4 23
4 25
4 24
5 23
5 22
5 25
6 24
6 23
6 25
6 24
7 23
7 22
7 25
8 24
8 23
8 25
9 24
9 23
10 23
10 25
10 24
11 23
10 25
11 24
11 23
12 23
12 25
12 24
13 23
13 25
13 24
14 24
14 25
15 24
15 23
15 25
15 24
16 24
16 25
17 24
17 23
17 25
18 25
18 24
18 26
19 25
19 24
19 23
19 26
20 25
20 24
20 26
21 25
21 24
22 23
22 26
22 25
23 24
23 26
23 25
23 24
24 23
24 26
24 25
25 24
25 26
25 25
26 24
26 23
26 26
27 25
27 24
27 26
27 25
28 24
28 26
29 25
29 24
29 26
30 25
30 25
31 26
31 25
32 24
31 26
32 25
32 25
32 27
33 26
33 25
34 24
34 26
34 26
35 25
35 27
35 26
36 25
36 24
36 26
36 26
37 25
37 27
37 26
38 25
38 24
38 27
39 26
39 25
39 27
40 26
40 25
40 27
41 26
41 25
41 27
42 26
42 25
43 27
43 26
44 25
44 27
44 26
44 25
45 27
45 26
46 25
46 27
46 26
47 25
47 28
47 27
48 26
48 25
48 27
48 26
49 26
49 28
49 27

3
[92.20103901 68.98323597]
157
0 26
0 25
0 27
1 27
1 26
1 28
2 27
2 26
3 25
2 27
3 27
3 26
3 28
4 27
4 26
5 28
5 27
6 26
6 28
6 27
7 26
7 28
7 27
8 26
8 28
8 27
9 26
9 28
10 27
10 26
10 28
11 27
11 26
11 29
11 28
12 27
12 26
12 28
13 27
13 26
13 29
14 28
14 27
15 26
15 28
15 27
15 27
15 29
16 28
16 27
17 26
17 28
17 27
18 27
18 29
18 28
19 27
19 28
19 28
20 27
20 29
20 28
21 27
21 29
22 28
22 27
22 29
23 28
23 27
23 29
23 29
24 28
24 27
24 29
25 28
25 27
25 30
26 29
26 28
27 27
27 29
27 28
28 27
27 30
28 29
28 28
29 27
29 29
29 28
30 27
30 30
30 29
31 28
31 27
31 29
32 28
32 28
32 27
32 30
32 29
33 28
33 27
33 29
34 28
34 28
34 30
35 29
35 28
35 30
36 29
36 29
36 31
36 30
37 29
37 31
37 30
38 29
38 32
38 31
39 30
39 32
39 31
40 30
39 33
40 32
40 31
40 33
41 32
41 31
41 34
42 33
42 32
42 34
43 33
43 32
43 35
43 34
44 33
44 35
44 34
45 33
45 36
45 35
46 34
46 36
46 35
47 34
46 36
47 36
47 35
47 37
48 36
48 35
48 37
49 37
49 36
49 38

4
[102.39625072  87.84041568]
153
0 29
0 28
0 27
1 28
1 27
2 26
2 28
2 27
3 26
3 28
3 27
4 26
4 25
4 27
5 26
5 25
5 27
6 26
6 25
6 24
7 27
7 26
7 25
7 27
8 26
8 25
8 24
9 26
9 25
9 24
10 26
10 25
10 24
10 23
11 25
11 24
11 23
11 22
12 25
12 24
12 23
12 22
13 24
13 23
13 22
14 24
14 23
14 22
15 24
15 23
15 22
16 24
16 23
16 22
17 24
17 23
17 22
18 25
18 24
18 23
19 25
19 24
19 23
20 25
20 24
20 23
21 25
21 24
21 23
22 25
22 24
22 23
23 25
23 24
23 23
24 25
24 24
24 23
25 25
25 24
25 23
26 25
26 24
26 23
27 25
27 24
27 23
28 25
28 25
28 24
29 26
29 25
29 24
30 26
30 25
30 24
31 26
31 25
31 24
32 26
32 25
32 24
33 26
33 25
33 24
34 26
34 25
34 24
35 26
35 25
35 24
36 26
36 25
36 24
37 26
37 25
37 24
38 26
38 25
38 24
39 27
39 26
39 25
40 27
40 26
40 25
41 27
41 26
41 25
42 27
42 26
42 25
43 27
43 26
43 25
44 27
44 26
44 25
45 27
45 26
45 25
46 27
46 26
46 25
47 27
47 26
47 25
48 27
48 26
48 25
49 27
49 26
49 25

5
[107.00557187 137.62750396]
152
0 28
0 27
0 26
1 28
1 27
1 26
2 28
2 27
2 26
3 28
3 27
3 26
4 28
4 27
4 26
5 28
5 27
5 26
6 28
6 27
6 26
7 28
7 27
7 26
8 28
8 27
8 26
9 28
9 27
9 26
10 28
10 27
10 26
11 29
11 28
11 27
12 29
12 28
12 27
13 29
13 28
13 27
14 29
14 28
14 27
15 29
15 28
15 27
16 29
16 28
16 27
17 29
17 28
17 27
18 29
18 28
18 27
19 29
19 28
19 27
20 29
20 28
20 27
21 29
21 28
21 27
22 30
22 29
22 28
22 30
23 29
23 28
23 30
24 29
24 28
24 30
25 29
25 28
25 30
26 29
26 28
26 30
27 29
27 28
27 30
28 29
28 28
28 30
29 29
29 28
29 30
30 29
30 28
30 30
31 29
31 28
31 30
32 29
32 28
32 31
33 30
33 29
33 31
34 30
34 29
34 31
35 30
35 29
35 31
36 30
36 29
36 31
37 30
37 29
37 31
38 30
38 29
38 31
39 30
39 29
39 31
40 30
40 29
40 31
41 30
41 29
41 31
42 30
42 29
42 31
43 30
43 29
43 32
43 31
44 30
44 32
44 31
45 30
45 32
45 31
46 30
46 32
46 31
47 30
47 32
47 31
48 30
48 32
48 31
49 30
49 32
49 31

6
[111.61489302 187.41459223]
220
0 30
0 32
0 31
1 30
1 32
1 31
2 30
2 32
2 31
3 30
3 34
3 33
3 32
4 31
4 30
4 33
4 32
5 31
5 30
5 29
5 32
6 31
6 30
6 29
6 28
7 31
7 30
7 29
7 28
7 27
8 30
8 29
8 28
8 27
8 26
9 29
9 28
9 27
9 26
9 25
10 29
10 28
10 27
10 26
10 25
10 24
11 28
11 27
11 26
11 25
11 24
11 23
12 27
12 26
12 25
12 24
12 23
12 22
13 26
13 25
13 24
13 23
13 22
13 21
14 25
14 24
14 23
14 22
14 21
15 20
15 25
15 24
15 23
15 22
16 21
16 20
16 24
16 23
16 22
17 21
17 20
17 19
17 23
17 22
18 21
18 20
18 19
18 18
18 22
19 21
19 20
19 19
19 18
19 17
19 21
20 20
20 19
20 18
20 17
20 16
21 20
21 19
21 18
21 17
21 16
21 15
22 19
22 18
22 17
22 16
22 15
22 14
23 18
23 17
23 16
23 15
23 14
23 13
24 17
24 16
24 15
24 14
24 13
25 16
25 15
25 14
25 13
25 12
26 16
26 15
26 14
26 13
26 12
27 15
27 14
27 13
27 12
27 11
28 14
28 13
28 12
28 11
29 10
29 13
29 12
29 11
30 10
30  9
30 12
30 11
31 10
31  9
31  8
31 11
32 10
32  9
32  8
32  7
33 10
33  9
33  8
33  7
33  6
34 10
34  9
34  8
34  7
34  6
34  5
35  9
35  8
35  7
35  6
35  5
35  4
36  8
36  7
36  6
36  5
36  4
36  3
37  7
37  6
37  5
37  4
37  3
37  3
38  7
38  6
38  5
38  4
38  3
38  2
39  6
39  5
39  4
39  3
39  2
39  1
40  5
40  4
40  3
40  2
40  1
41  0
41  4
41  3
41  2
41  1
42  0
42  3
42  2
42  1
43  0
43  2
43  1
44  0
44  1
45  0
46  0

7
[112.73235309 199.48471744]
202
0 23
0 25
1 24
1 23
0 26
1 25
1 25
2 24
3 23
1 27
2 26
2 25
3 25
4 24
4 23
2 27
3 26
4 25
4 24
5 24
6 23
4 27
4 26
5 25
6 24
6 24
7 23
5 27
6 26
6 25
7 24
8 24
8 23
7 27
7 26
8 25
9 24
9 24
10 23
8 26
9 26
9 25
10 24
11 24
11 23
9 26
10 26
11 25
11 24
12 23
13 23
11 26
11 26
12 25
13 24
13 23
14 23
12 26
13 26
14 25
14 24
15 23
16 23
14 26
14 25
15 25
16 24
16 23
15 26
16 25
16 25
17 24
18 23
16 26
17 25
18 25
18 24
19 23
18 26
18 25
19 25
20 24
21 23
19 26
20 25
21 25
21 24
22 23
21 26
21 25
22 24
23 24
23 23
22 26
23 25
23 24
24 24
25 23
23 26
24 25
25 24
25 24
26 23
25 26
26 25
26 24
27 24
28 23
26 26
26 26
27 25
28 24
28 24
29 23
27 26
28 26
28 25
29 24
30 23
30 23
28 26
29 26
30 25
30 24
31 23
32 23
30 26
31 26
31 25
32 24
33 23
33 23
31 26
32 25
33 25
33 24
34 23
35 23
33 26
33 25
34 25
35 24
35 23
36 23
34 26
35 25
35 25
36 24
37 23
37 22
36 26
36 25
37 25
38 24
38 23
39 22
37 26
38 25
38 25
39 24
40 23
40 22
38 26
39 25
40 24
40 24
41 23
42 22
40 26
40 25
41 24
42 24
42 23
43 22
41 26
42 25
43 24
43 24
44 23
45 22
43 26
43 25
44 24
45 24
45 23
46 22
44 26
45 25
45 24
46 24
47 23
45 26
46 25
47 24
47 23
48 23
47 26
47 25
48 24
49 23
48 26
49 25

8
[146.64198147 236.22892928]
135
0 23
0 24
0 23
1 23
0 25
0 25
1 24
2 23
2 23
1 25
2 25
2 24
2 26
2 25
3 25
4 24
3 27
3 26
4 25
5 25
3 28
3 27
4 27
5 26
3 29
4 28
5 27
5 27
4 30
5 29
5 28
6 27
5 30
5 30
6 29
7 28
6 31
6 30
7 29
8 29
6 32
6 32
7 31
8 30
6 33
7 32
8 32
8 31
7 34
8 33
8 32
9 31
8 34
8 34
9 33
10 32
9 35
9 34
10 34
11 33
9 36
9 36
10 35
11 34
9 37
10 36
11 36
11 35
10 38
11 37
11 36
12 36
11 38
11 38
12 37
13 36
12 39
12 38
13 38
14 37
12 41
12 40
13 39
14 38
12 41
13 41
14 40
14 39
13 42
14 41
14 40
15 40
14 43
14 42
15 41
16 40
14 43
15 43
16 42
17 41
15 45
15 44
16 43
17 43
17 42
15 45
16 45
17 44
17 43
16 46
17 45
17 45
18 44
17 47
17 46
18 45
19 45
17 47
18 47
19 46
20 45
18 49
18 48
19 47
20 47
20 46
19 49
20 48
20 47
20 49
20 49
21 48
21 49
22 49
23 49

9
[147.0543606  236.67578013]
203
0 26
0 25
0 24
0 23
1 24
1 23
1 22
2 24
2 23
2 22
1 21
3 24
3 23
3 22
2 21
4 25
4 24
4 23
4 22
5 25
5 24
5 23
5 22
6 25
6 24
6 23
6 22
7 25
7 24
7 23
7 22
8 25
8 24
8 23
8 22
9 25
9 24
9 23
9 22
10 25
10 24
10 23
10 22
11 25
11 24
11 23
11 22
12 25
12 24
12 23
12 22
13 25
13 24
13 23
13 22
14 26
14 25
14 24
14 23
15 26
15 25
15 24
15 23
16 26
16 25
16 24
16 23
17 25
17 25
17 24
17 23
18 25
18 24
18 23
18 22
19 26
19 25
19 24
19 23
20 26
20 25
20 24
20 23
21 26
21 25
21 24
21 23
22 26
22 25
22 24
22 23
23 26
23 25
23 24
23 23
24 27
24 26
24 25
24 24
24 23
25 27
25 26
25 25
25 24
26 26
26 25
26 24
26 23
27 26
27 25
27 24
27 23
28 26
28 25
28 24
28 23
29 27
29 26
29 25
29 24
29 23
30 27
30 26
30 25
30 24
31 27
31 26
31 25
31 24
32 27
32 26
32 25
32 24
33 27
33 26
33 25
33 24
34 27
34 26
34 25
34 24
34 24
35 27
35 26
35 25
35 24
36 27
36 26
36 25
36 24
37 27
37 26
37 25
37 24
38 27
38 26
38 25
38 24
39 28
39 27
39 26
39 25
39 24
40 28
40 27
40 26
40 25
41 28
41 27
41 26
41 25
42 28
42 27
42 26
42 25
43 27
43 26
43 25
43 24
45 28
44 27
44 26
44 25
44 24
46 28
45 27
45 26
45 25
47 28
46 27
46 26
46 25
48 28
47 27
47 26
47 25
49 28
48 27
48 26
48 25
49 27
49 26
49 25

10
[141.1805912  286.32956984]
244
0 29
0 28
1 29
1 28
0 27
0 26
2 28
2 27
1 26
1 25
3 28
3 27
2 26
2 25
4 28
4 27
3 26
3 25
5 29
5 28
5 27
4 26
4 25
6 29
6 28
6 27
5 26
7 29
7 28
6 27
6 26
8 29
8 28
7 27
7 26
9 29
9 28
8 27
8 26
10 30
10 29
10 28
9 27
9 26
11 29
11 28
11 27
10 26
12 29
12 28
12 27
11 26
13 29
13 28
13 27
12 26
14 29
14 28
14 27
13 26
15 29
15 28
15 27
14 26
16 30
16 29
16 28
16 27
17 30
17 29
17 28
17 27
18 30
18 29
18 28
18 27
19 29
19 28
19 27
19 26
20 29
20 28
20 27
20 26
21 30
21 29
21 28
21 27
22 30
22 29
22 28
22 27
23 30
23 29
23 28
23 27
24 30
24 29
24 28
24 27
25 30
25 29
25 28
25 27
26 31
26 30
26 29
26 28
27 30
27 29
27 28
27 28
28 30
28 29
28 28
28 27
29 30
29 29
29 28
29 27
30 30
30 29
30 28
30 27
31 31
31 30
31 29
31 28
32 31
32 30
32 29
32 28
33 31
33 30
33 29
33 28
34 32
34 31
34 30
34 29
34 28
35 33
35 32
35 31
35 30
35 29
35 28
37 34
36 33
36 32
36 31
36 30
36 29
36 28
36 27
38 36
38 35
38 34
37 33
37 32
37 31
37 30
37 29
37 28
39 38
39 37
39 36
39 35
39 34
38 33
38 32
38 31
38 30
38 29
38 28
40 39
40 38
40 37
40 36
40 35
40 34
39 33
39 32
41 41
41 40
41 39
41 38
41 37
41 36
41 35
41 34
43 43
42 42
42 41
42 40
42 39
42 38
42 37
42 36
44 45
44 44
44 43
43 42
43 41
43 40
43 39
43 38
43 37
45 45
45 44
45 44
45 43
44 42
44 41
44 40
44 39
46 47
46 46
46 45
46 44
46 43
46 42
45 41
45 40
47 49
47 48
47 47
47 46
47 45
47 44
47 43
47 42
48 49
48 48
48 47
48 46
48 45
48 44
48 43
49 49
49 48
49 47
49 46
49 45

11
[137.6344571  316.30674202]
216
0 32
0 31
0 31
2 31
1 31
0 30
2 30
2 30
1 29
0 29
3 30
2 29
1 28
0 28
3 29
3 28
2 28
1 27
4 28
3 27
2 27
2 26
5 28
5 27
4 26
3 26
6 27
5 26
4 26
3 25
7 26
6 25
5 25
4 24
8 26
7 25
6 25
5 24
5 23
9 25
8 25
8 24
7 24
6 23
5 23
12 26
11 25
10 24
9 24
8 23
7 23
6 22
6 22
14 26
13 25
12 25
11 24
10 24
10 23
9 23
8 22
7 21
16 26
15 26
14 25
13 24
13 24
12 23
11 23
10 22
9 22
8 21
8 21
17 26
17 25
16 25
15 24
14 24
13 23
12 23
11 22
20 26
19 26
18 25
17 24
16 24
15 23
15 23
14 22
22 26
21 26
20 25
19 25
18 24
18 24
17 23
16 22
24 27
23 26
22 26
21 25
21 24
20 24
19 23
18 23
17 22
25 26
25 26
24 25
23 25
22 24
21 24
20 23
20 22
28 27
27 26
26 25
25 25
24 24
23 24
23 23
22 23
30 27
29 26
28 26
27 25
26 25
26 24
25 24
24 23
31 27
30 26
30 25
29 25
28 24
27 24
26 23
25 23
33 27
33 26
32 26
31 25
30 25
29 24
28 24
28 23
36 27
35 27
34 26
33 25
32 25
31 24
31 24
30 23
38 27
37 27
36 26
35 26
35 25
34 25
33 24
32 23
39 27
38 27
38 26
37 25
36 25
35 24
34 24
33 23
41 27
41 27
40 26
39 26
38 25
37 25
36 24
36 23
44 28
43 27
42 26
41 26
40 25
40 25
39 24
38 24
46 28
45 27
44 27
43 26
43 26
42 25
41 25
40 24
47 28
46 27
46 26
45 26
44 25
43 25
42 24
41 24
49 27
48 27
47 26
46 26
45 25
45 25
44 24
49 26
48 26
48 25
47 25
46 24
49 25
48 24

12
[ 95.84282616 343.75596028]
202
0 28
2 28
1 28
0 27
4 28
3 28
2 27
1 27
1 26
0 26
5 28
5 28
4 27
3 26
2 26
1 25
0 25
0 24
8 28
7 28
6 27
5 27
4 26
3 26
3 25
2 24
10 29
9 28
8 27
7 27
6 26
6 26
5 25
4 25
12 29
11 28
10 28
10 27
9 27
8 26
7 26
6 25
13 29
13 28
12 27
11 27
10 26
9 26
8 25
8 25
16 29
15 28
14 28
13 27
12 27
11 26
11 26
10 25
18 29
17 29
16 28
15 27
14 27
14 26
13 26
12 25
20 29
19 29
18 28
18 28
17 27
16 27
15 26
14 25
13 25
21 29
21 29
20 28
19 27
18 27
17 26
16 26
16 25
24 29
23 29
22 28
21 28
20 27
19 27
19 26
18 25
26 30
25 29
24 28
23 28
23 27
22 27
21 26
20 26
27 29
26 29
26 28
25 28
24 27
23 27
22 26
21 25
29 30
29 29
28 28
27 28
26 27
25 27
24 26
24 26
32 30
31 29
30 29
29 28
28 28
28 27
27 27
26 26
34 30
33 30
32 29
31 28
31 28
30 27
29 27
28 26
35 30
34 29
34 29
33 28
32 28
31 27
30 26
29 26
38 30
37 30
36 29
35 28
34 28
33 27
33 27
32 26
40 30
39 30
38 29
37 29
36 28
36 28
35 27
34 26
42 31
41 30
40 29
39 29
39 28
38 28
37 27
36 27
43 30
43 30
42 29
41 29
40 28
39 28
38 27
38 26
46 31
45 30
44 29
43 29
42 28
41 28
41 27
40 27
48 31
47 30
46 30
45 29
44 29
44 28
43 28
42 27
49 31
48 30
48 29
47 29
46 28
45 28
44 27
49 29
48 29
47 28
46 27
46 27
49 28
49 28
48 27

13
[ 54.05119521 371.20517854]
200
0 31
1 31
1 30
0 30
4 31
3 31
2 30
1 29
0 29
6 31
5 31
4 30
3 30
3 29
2 29
1 28
0 27
8 32
7 31
6 30
6 30
5 29
4 29
3 28
2 28
9 31
9 31
8 30
7 30
6 29
5 29
4 28
4 27
12 32
11 31
10 30
9 30
8 29
8 29
7 28
6 28
14 32
13 31
12 31
11 30
11 30
10 29
9 29
8 28
16 32
15 32
14 31
14 30
13 30
12 29
11 29
10 28
9 28
18 32
17 31
16 31
15 30
14 30
13 29
12 28
12 28
20 32
19 32
18 31
17 30
16 30
16 29
15 29
14 28
22 32
21 32
20 31
19 31
19 30
18 30
17 29
16 28
23 32
22 31
22 31
21 30
20 30
19 29
18 29
17 28
26 32
25 32
24 31
23 31
22 30
21 30
21 29
20 28
28 33
27 32
26 31
25 31
24 30
24 30
23 29
22 29
30 33
29 32
28 32
27 31
27 31
26 30
25 30
24 29
31 33
31 32
30 31
29 31
28 30
27 30
26 29
26 29
34 33
33 32
32 32
31 31
30 31
29 30
29 29
28 29
36 33
35 32
34 32
33 31
32 31
32 30
31 30
30 29
38 33
37 33
36 32
36 32
35 31
34 31
33 30
32 29
39 33
39 32
38 32
37 31
36 31
35 30
34 30
34 29
42 33
41 33
40 32
39 32
38 31
37 31
37 30
36 29
44 34
43 33
42 32
41 32
41 31
40 31
39 30
38 30
46 34
45 33
44 33
44 32
43 32
42 31
41 31
40 30
47 34
47 33
46 32
45 32
44 31
43 31
42 30
42 30
49 33
48 33
47 32
46 32
46 31
45 30
44 30
49 32
49 32
48 31
47 31
46 30
49 31
48 30

14
[ 12.25956427 398.6543968 ]
42
0 34
2 34
1 33
1 33
0 32
4 34
4 34
3 33
2 33
1 32
0 32
6 34
5 33
4 33
3 32
2 32
2 31
1 31
0 30
8 34
7 34
6 33
5 32
5 32
4 31
3 31
2 30
9 33
8 33
7 32
6 32
5 31
4 31
9 32
8 32
7 31
7 31
6 30
10 31
9 31
8 30
10 31

