0
[0.000000, 25.000000]
inf
153
-0.000000
50.000000

1
[1.925300, -11.349117]
0.114826
67
-1.091750
18.141445

2
[0.000000, 25.000000]
inf
155
-0.000000
50.000000

3
[0.481072, 12.984440]
0.197909
40
-0.448391
24.021948

4
[0.000000, 25.000000]
inf
153
-0.000000
50.000000

5
[0.041687, 29.527491]
0.554920
25
-0.041663
50.000000

6
[-0.770370, 33.592846]
0.028974
145
0.656411
11.000188

7
[0.000000, 25.000000]
inf
202
-0.000000
50.000000

8
[1.203124, 23.710875]
0.116589
95
-0.877336
1.416667

9
[0.000000, 25.000000]
inf
203
-0.000000
50.000000

10
[0.990797, -2.515961]
1.672754
89
-0.780775
27.022642

11
[0.000000, 25.000000]
inf
216
-0.000000
50.000000

12
[0.000000, 25.000000]
inf
202
-0.000000
50.000000

13
[0.026190, 30.954239]
0.446189
104
-0.026184
50.000000

