0
[0.0, 25]
inf
0
0.0
50

1
[1.849611391923474, -9.072286537311804]
0.15396543933994075
56
-1.0751567683439536
18.421321736064176

2
[0.0, 25]
inf
0
-1.0751567683439536
50

3
[0.4267146348356053, 15.852611933824722]
0.3615167286413692
28
-1.478478830041496
21.43678074153555

4
[0.0, 25]
inf
0
-1.478478830041496
50

5
[0.0, 25]
inf
0
-1.478478830041496
50

6
[-0.7649217947693504, 34.272184980922894]
0.054744690777225026
114
-0.8254959714567961
12.121742437367429

7
[0.0, 25]
inf
0
-0.8254959714567961
50

8
[1.1687408622449298, 24.289339978544156]
0.1335080877991911
85
-1.6885436092996007
0.6080561092822585

9
[0.0, 25]
inf
0
-1.6885436092996007
50

10
[1.189905659879246, -10.91871541379814]
0.15876217344067983
81
-2.5604440187791755
30.18618754821558

11
[0.0, 25]
inf
0
-2.5604440187791755
50

12
[0.0, 25]
inf
0
-2.5604440187791755
50

13
[0.031127251169172834, 32.254834599795615]
0.6913656670191102
19
-2.5915612226642524
-233.07019821205762