6958 0
0 502
0 501
0 500
0 499
0 498
0 497
1 502
1 501
1 500
1 499
1 498
1 497
2 502
2 501
2 500
2 499
2 498
2 497
3 502
3 501
3 500
3 499
3 498
3 497
4 502
4 501
4 500
4 499
4 498
4 497
5 502
5 501
5 500
5 499
5 498
5 497
6 502
6 501
6 500
6 499
6 498
6 497
7 502
7 501
7 500
7 499
7 498
7 497
8 502
8 501
8 500
8 499
8 498
8 497
9 502
9 501
9 500
9 499
9 498
9 497
10 502
10 501
10 500
10 499
10 498
10 497
11 502
11 501
11 500
11 499
11 498
11 497
12 502
12 501
12 500
12 499
12 498
12 497
13 502
13 501
13 500
13 499
13 498
13 497
14 502
14 501
14 500
14 499
14 498
14 497
15 502
15 501
15 500
15 499
15 498
15 497
16 502
16 501
16 500
16 499
16 498
16 497
17 502
17 501
17 500
17 499
17 498
17 497
18 502
18 501
18 500
18 499
18 498
18 497
19 502
19 501
19 500
19 499
19 498
19 497
20 502
20 501
20 500
20 499
20 498
20 497
21 502
21 501
21 500
21 499
21 498
21 497
22 502
22 501
22 500
22 499
22 498
22 497
23 502
23 501
23 500
23 499
23 498
23 497
24 502
24 501
24 500
24 499
24 498
24 497
25 502
25 501
25 500
25 499
25 498
25 497
26 502
26 501
26 500
26 499
26 498
26 497
27 502
27 501
27 500
27 499
27 498
27 497
28 502
28 501
28 500
28 499
28 498
28 497
29 502
29 501
29 500
29 499
29 498
29 497
30 502
30 501
30 500
30 499
30 498
30 497
31 502
31 501
31 500
31 499
31 498
31 497
32 502
32 501
32 500
32 499
32 498
32 497
33 502
33 501
33 500
33 499
33 498
33 497
34 502
34 501
34 500
34 499
34 498
34 497
35 502
35 501
35 500
35 499
35 498
35 497
36 502
36 501
36 500
36 499
36 498
36 497
37 502
37 501
37 500
37 499
37 498
37 497
38 502
38 501
38 500
38 499
38 498
38 497
39 502
39 501
39 500
39 499
39 498
39 497
40 502
40 501
40 500
40 499
40 498
40 497
41 502
41 501
41 500
41 499
41 498
41 497
42 502
42 501
42 500
42 499
42 498
42 497
43 502
43 501
43 500
43 499
43 498
43 497
44 502
44 501
44 500
44 499
44 498
44 497
45 502
45 501
45 500
45 499
45 498
45 497
46 502
46 501
46 500
46 499
46 498
46 497
55 502
55 501
55 500
55 499
55 498
55 497
56 502
56 501
56 500
56 499
56 498
56 497
57 502
57 501
57 500
57 499
57 498
57 497
58 502
58 501
58 500
58 499
58 498
58 497
59 502
59 501
59 500
59 499
59 498
59 497
60 502
60 501
60 500
60 499
60 498
60 497
61 502
61 501
61 500
61 499
61 498
61 497
62 502
62 501
62 500
62 499
62 498
62 497
63 502
63 501
63 500
63 499
63 498
63 497
64 502
64 501
64 500
64 499
64 498
64 497
65 502
65 501
65 500
65 499
65 498
65 497
66 502
66 501
66 500
66 499
66 498
66 497
67 502
67 501
67 500
67 499
67 498
67 497
68 502
68 501
68 500
68 499
68 498
68 497
69 502
69 501
69 500
69 499
69 498
69 497
70 502
70 501
70 500
70 499
70 498
70 497
71 502
71 501
71 500
71 499
71 498
71 497
72 502
72 501
72 500
72 499
72 498
72 497
73 502
73 501
73 500
73 499
73 498
73 497
74 502
74 501
74 500
74 499
74 498
74 497
75 502
75 501
75 500
75 499
75 498
75 497
76 502
76 501
76 500
76 499
76 498
76 497
77 502
77 501
77 500
77 499
77 498
77 497
78 502
78 501
78 500
78 499
78 498
78 497
79 502
79 501
79 500
79 499
79 498
79 497
80 502
80 501
80 500
80 499
80 498
80 497
81 502
81 501
81 500
81 499
81 498
81 497
82 502
82 501
82 500
82 499
82 498
82 497
83 502
83 501
83 500
83 499
83 498
83 497
84 502
84 501
84 500
84 499
84 498
84 497
85 502
85 501
85 500
85 499
85 498
85 497
86 502
86 501
86 500
86 499
86 498
86 497
87 502
87 501
87 500
87 499
87 498
87 497
88 502
88 501
88 500
88 499
88 498
88 497
89 502
89 501
89 500
89 499
89 498
89 497
90 502
90 501
90 500
90 499
90 498
90 497
91 502
91 501
91 500
91 499
91 498
91 497
92 502
92 501
92 500
92 499
92 498
92 497
93 502
93 501
93 500
93 499
93 498
93 497
94 502
94 501
94 500
94 499
94 498
94 497
95 502
95 501
95 500
95 499
95 498
95 497
96 502
96 501
96 500
96 499
96 498
96 497
97 502
97 501
97 500
97 499
97 498
97 497
98 502
98 501
98 500
98 499
98 498
98 497
99 502
99 501
99 500
99 499
99 498
99 497
100 502
100 501
100 500
100 499
100 498
100 497
101 502
101 501
101 500
101 499
101 498
101 497
102 502
102 501
102 500
102 499
102 498
102 497
103 502
103 501
103 500
103 499
103 498
103 497
104 502
104 501
104 500
104 499
104 498
104 497
105 502
105 501
105 500
105 499
105 498
105 497
106 502
106 501
106 500
106 499
106 498
106 497
107 502
107 501
107 500
107 499
107 498
107 497
108 502
108 501
108 500
108 499
108 498
108 497
109 502
109 501
109 500
109 499
109 498
109 497
110 502
110 501
110 500
110 499
110 498
110 497
111 502
111 501
111 500
111 499
111 498
111 497
112 502
112 501
112 500
112 499
112 498
112 497
113 502
113 501
113 500
113 499
113 498
113 497
114 502
114 501
114 500
114 499
114 498
114 497
115 502
115 501
115 500
115 499
115 498
115 497
116 502
116 501
116 500
116 499
116 498
116 497
117 502
117 501
117 500
117 499
117 498
117 497
118 502
118 501
118 500
118 499
118 498
118 497
119 502
119 501
119 500
119 499
119 498
119 497
120 502
120 501
120 500
120 499
120 498
120 497
121 502
121 501
121 500
121 499
121 498
121 497
122 502
122 501
122 500
122 499
122 498
122 497
123 502
123 501
123 500
123 499
123 498
123 497
124 502
124 501
124 500
124 499
124 498
124 497
125 502
125 501
125 500
125 499
125 498
125 497
126 502
126 501
126 500
126 499
126 498
126 497
127 502
127 501
127 500
127 499
127 498
127 497
128 502
128 501
128 500
128 499
128 498
128 497
129 502
129 501
129 500
129 499
129 498
129 497
130 502
130 501
130 500
130 499
130 498
130 497
131 502
131 501
131 500
131 499
131 498
131 497
132 502
132 501
132 500
132 499
132 498
132 497
133 502
133 501
133 500
133 499
133 498
133 497
134 502
134 501
134 500
134 499
134 498
134 497
135 502
135 501
135 500
135 499
135 498
135 497
136 502
136 501
136 500
136 499
136 498
136 497
137 502
137 501
137 500
137 499
137 498
137 497
138 502
138 501
138 500
138 499
138 498
138 497
139 502
139 501
139 500
139 499
139 498
139 497
140 502
140 501
140 500
140 499
140 498
140 497
141 502
141 501
141 500
141 499
141 498
141 497
142 502
142 501
142 500
142 499
142 498
142 497
143 502
143 501
143 500
143 499
143 498
143 497
144 502
144 501
144 500
144 499
144 498
144 497
145 502
145 501
145 500
145 499
145 498
145 497
146 502
146 501
146 500
146 499
146 498
146 497
147 502
147 501
147 500
147 499
147 498
147 497
148 502
148 501
148 500
148 499
148 498
148 497
149 502
149 501
149 500
149 499
149 498
149 497
150 502
150 501
150 500
150 499
150 498
150 497
151 502
151 501
151 500
151 499
151 498
151 497
152 502
152 501
152 500
152 499
152 498
152 497
153 502
153 501
153 500
153 499
153 498
153 497
154 502
154 501
154 500
154 499
154 498
154 497
155 502
155 501
155 500
155 499
155 498
155 497
156 502
156 501
156 500
156 499
156 498
156 497
157 502
157 501
157 500
157 499
157 498
157 497
158 502
158 501
158 500
158 499
158 498
158 497
159 502
159 501
159 500
159 499
159 498
159 497
160 502
160 501
160 500
160 499
160 498
160 497
161 502
161 501
161 500
161 499
161 498
161 497
162 502
162 501
162 500
162 499
162 498
162 497
163 502
163 501
163 500
163 499
163 498
163 497
164 502
164 501
164 500
164 499
164 498
164 497
165 502
165 501
165 500
165 499
165 498
165 497
166 502
166 501
166 500
166 499
166 498
166 497
167 502
167 501
167 500
167 499
167 498
167 497
168 502
168 501
168 500
168 499
168 498
168 497
169 502
169 501
169 500
169 499
169 498
169 497
170 502
170 501
170 500
170 499
170 498
170 497
171 502
171 501
171 500
171 499
171 498
171 497
172 502
172 501
172 500
172 499
172 498
172 497
173 502
173 501
173 500
173 499
173 498
173 497
174 502
174 501
174 500
174 499
174 498
174 497
175 502
175 501
175 500
175 499
175 498
175 497
176 502
176 501
176 500
176 499
176 498
176 497
177 502
177 501
177 500
177 499
177 498
177 497
178 502
178 501
178 500
178 499
178 498
178 497
179 502
179 501
179 500
179 499
179 498
179 497
180 502
180 501
180 500
180 499
180 498
180 497
181 502
181 501
181 500
181 499
181 498
181 497
182 502
182 501
182 500
182 499
182 498
182 497
183 502
183 501
183 500
183 499
183 498
183 497
184 502
184 501
184 500
184 499
184 498
184 497
185 502
185 501
185 500
185 499
185 498
185 497
186 502
186 501
186 500
186 499
186 498
186 497
187 502
187 501
187 500
187 499
187 498
187 497
188 502
188 501
188 500
188 499
188 498
188 497
189 502
189 501
189 500
189 499
189 498
189 497
190 502
190 501
190 500
190 499
190 498
190 497
191 502
191 501
191 500
191 499
191 498
191 497
192 502
192 501
192 500
192 499
192 498
192 497
193 502
193 501
193 500
193 499
193 498
193 497
194 502
194 501
194 500
194 499
194 498
194 497
195 502
195 501
195 500
195 499
195 498
195 497
196 502
196 501
196 500
196 499
196 498
196 497
197 502
197 501
197 500
197 499
197 498
197 497
198 502
198 501
198 500
198 499
198 498
198 497
199 502
199 501
199 500
199 499
199 498
199 497
200 502
200 501
200 500
200 499
200 498
200 497
201 502
201 501
201 500
201 499
201 498
201 497
202 502
202 501
202 500
202 499
202 498
202 497
203 502
203 501
203 500
203 499
203 498
203 497
204 502
204 501
204 500
204 499
204 498
204 497
205 502
205 501
205 500
205 499
205 498
205 497
206 502
206 501
206 500
206 499
206 498
206 497
207 502
207 501
207 500
207 499
207 498
207 497
208 502
208 501
208 500
208 499
208 498
208 497
209 502
209 501
209 500
209 499
209 498
209 497
210 502
210 501
210 500
210 499
210 498
210 497
211 502
211 501
211 500
211 499
211 498
211 497
212 502
212 501
212 500
212 499
212 498
212 497
213 502
213 501
213 500
213 499
213 498
213 497
214 502
214 501
214 500
214 499
214 498
214 497
215 502
215 501
215 500
215 499
215 498
215 497
216 502
216 501
216 500
216 499
216 498
216 497
217 502
217 501
217 500
217 499
217 498
217 497
218 502
218 501
218 500
218 499
218 498
218 497
219 502
219 501
219 500
219 499
219 498
219 497
220 502
220 501
220 500
220 499
220 498
220 497
221 502
221 501
221 500
221 499
221 498
221 497
222 502
222 501
222 500
222 499
222 498
222 497
223 502
223 501
223 500
223 499
223 498
223 497
224 502
224 501
224 500
224 499
224 498
224 497
225 502
225 501
225 500
225 499
225 498
225 497
226 502
226 501
226 500
226 499
226 498
226 497
227 502
227 501
227 500
227 499
227 498
227 497
228 502
228 501
228 500
228 499
228 498
228 497
229 502
229 501
229 500
229 499
229 498
229 497
230 502
230 501
230 500
230 499
230 498
230 497
231 502
231 501
231 500
231 499
231 498
231 497
232 502
232 501
232 500
232 499
232 498
232 497
233 502
233 501
233 500
233 499
233 498
233 497
234 502
234 501
234 500
234 499
234 498
234 497
235 502
235 501
235 500
235 499
235 498
235 497
236 502
236 501
236 500
236 499
236 498
236 497
237 502
237 501
237 500
237 499
237 498
237 497
238 502
238 501
238 500
238 499
238 498
238 497
239 502
239 501
239 500
239 499
239 498
239 497
240 502
240 501
240 500
240 499
240 498
240 497
241 502
241 501
241 500
241 499
241 498
241 497
242 502
242 501
242 500
242 499
242 498
242 497
243 502
243 501
243 500
243 499
243 498
243 497
244 502
244 501
244 500
244 499
244 498
244 497
245 502
245 501
245 500
245 499
245 498
245 497
246 502
246 501
246 500
246 499
246 498
246 497
247 502
247 501
247 500
247 499
247 498
247 497
248 502
248 501
248 500
248 499
248 498
248 497
249 502
249 501
249 500
249 499
249 498
249 497
250 502
250 501
250 500
250 499
250 498
250 497
251 502
251 501
251 500
251 499
251 498
251 497
252 502
252 501
252 500
252 499
252 498
252 497
253 502
253 501
253 500
253 499
253 498
253 497
254 502
254 501
254 500
254 499
254 498
254 497
255 502
255 501
255 500
255 499
255 498
255 497
256 502
256 501
256 500
256 499
256 498
256 497
257 502
257 501
257 500
257 499
257 498
257 497
258 502
258 501
258 500
258 499
258 498
258 497
259 502
259 501
259 500
259 499
259 498
259 497
260 502
260 501
260 500
260 499
260 498
260 497
261 502
261 501
261 500
261 499
261 498
261 497
262 502
262 501
262 500
262 499
262 498
262 497
263 502
263 501
263 500
263 499
263 498
263 497
264 502
264 501
264 500
264 499
264 498
264 497
265 502
265 501
265 500
265 499
265 498
265 497
266 502
266 501
266 500
266 499
266 498
266 497
267 502
267 501
267 500
267 499
267 498
267 497
268 502
268 501
268 500
268 499
268 498
268 497
269 502
269 501
269 500
269 499
269 498
269 497
270 502
270 501
270 500
270 499
270 498
270 497
271 502
271 501
271 500
271 499
271 498
271 497
272 502
272 501
272 500
272 499
272 498
272 497
273 502
273 501
273 500
273 499
273 498
273 497
274 502
274 501
274 500
274 499
274 498
274 497
275 502
275 501
275 500
275 499
275 498
275 497
276 502
276 501
276 500
276 499
276 498
276 497
277 502
277 501
277 500
277 499
277 498
277 497
278 502
278 501
278 500
278 499
278 498
278 497
279 502
279 501
279 500
279 499
279 498
279 497
280 502
280 501
280 500
280 499
280 498
280 497
281 502
281 501
281 500
281 499
281 498
281 497
282 502
282 501
282 500
282 499
282 498
282 497
283 502
283 501
283 500
283 499
283 498
283 497
284 502
284 501
284 500
284 499
284 498
284 497
285 502
285 501
285 500
285 499
285 498
285 497
286 502
286 501
286 500
286 499
286 498
286 497
287 502
287 501
287 500
287 499
287 498
287 497
288 502
288 501
288 500
288 499
288 498
288 497
289 502
289 501
289 500
289 499
289 498
289 497
290 502
290 501
290 500
290 499
290 498
290 497
291 502
291 501
291 500
291 499
291 498
291 497
292 502
292 501
292 500
292 499
292 498
292 497
293 502
293 501
293 500
293 499
293 498
293 497
294 502
294 501
294 500
294 499
294 498
294 497
295 502
295 501
295 500
295 499
295 498
295 497
296 502
296 501
296 500
296 499
296 498
296 497
297 502
297 501
297 500
297 499
297 498
297 497
298 502
298 501
298 500
298 499
298 498
298 497
299 502
299 501
299 500
299 499
299 498
299 497
300 502
300 501
300 500
300 499
300 498
300 497
301 502
301 501
301 500
301 499
301 498
301 497
302 502
302 501
302 500
302 499
302 498
302 497
303 502
303 501
303 500
303 499
303 498
303 497
304 502
304 501
304 500
304 499
304 498
304 497
305 502
305 501
305 500
305 499
305 498
305 497
306 502
306 501
306 500
306 499
306 498
306 497
307 502
307 501
307 500
307 499
307 498
307 497
308 502
308 501
308 500
308 499
308 498
308 497
309 502
309 501
309 500
309 499
309 498
309 497
310 502
310 501
310 500
310 499
310 498
310 497
311 502
311 501
311 500
311 499
311 498
311 497
312 502
312 501
312 500
312 499
312 498
312 497
313 502
313 501
313 500
313 499
313 498
313 497
314 502
314 501
314 500
314 499
314 498
314 497
315 502
315 501
315 500
315 499
315 498
315 497
316 502
316 501
316 500
316 499
316 498
316 497
317 502
317 501
317 500
317 499
317 498
317 497
318 502
318 501
318 500
318 499
318 498
318 497
319 502
319 501
319 500
319 499
319 498
319 497
320 502
320 501
320 500
320 499
320 498
320 497
321 502
321 501
321 500
321 499
321 498
321 497
322 502
322 501
322 500
322 499
322 498
322 497
323 502
323 501
323 500
323 499
323 498
323 497
324 502
324 501
324 500
324 499
324 498
324 497
325 502
325 501
325 500
325 499
325 498
325 497
326 502
326 501
326 500
326 499
326 498
326 497
327 502
327 501
327 500
327 499
327 498
327 497
328 502
328 501
328 500
328 499
328 498
328 497
329 502
329 501
329 500
329 499
329 498
329 497
330 503
330 502
330 501
330 500
330 499
330 498
331 503
331 502
331 501
331 500
331 499
331 498
332 503
332 502
332 501
332 500
332 499
332 498
333 503
333 502
333 501
333 500
333 499
333 498
334 503
334 502
334 501
334 500
334 499
334 498
335 503
335 502
335 501
335 500
335 499
335 498
336 503
336 502
336 501
336 500
336 499
336 498
337 502
337 501
337 500
337 499
337 498
337 497
338 502
338 501
338 500
338 499
338 498
338 497
339 502
339 501
339 500
339 499
339 498
339 497
340 502
340 501
340 500
340 499
340 498
340 497
341 502
341 501
341 500
341 499
341 498
341 497
342 502
342 501
342 500
342 499
342 498
342 497
343 502
343 501
343 500
343 499
343 498
343 497
344 502
344 501
344 500
344 499
344 498
344 497
345 502
345 501
345 500
345 499
345 498
345 497
346 502
346 501
346 500
346 499
346 498
346 497
347 502
347 501
347 500
347 499
347 498
347 497
348 502
348 501
348 500
348 499
348 498
348 497
349 502
349 501
349 500
349 499
349 498
349 497
350 502
350 501
350 500
350 499
350 498
350 497
351 502
351 501
351 500
351 499
351 498
351 497
352 502
352 501
352 500
352 499
352 498
352 497
353 502
353 501
353 500
353 499
353 498
353 497
354 502
354 501
354 500
354 499
354 498
354 497
355 502
355 501
355 500
355 499
355 498
355 497
356 502
356 501
356 500
356 499
356 498
356 497
357 502
357 501
357 500
357 499
357 498
357 497
358 502
358 501
358 500
358 499
358 498
358 497
359 502
359 501
359 500
359 499
359 498
359 497
360 502
360 501
360 500
360 499
360 498
360 497
361 502
361 501
361 500
361 499
361 498
361 497
362 502
362 501
362 500
362 499
362 498
362 497
363 502
363 501
363 500
363 499
363 498
363 497
364 502
364 501
364 500
364 499
364 498
364 497
365 502
365 501
365 500
365 499
365 498
365 497
366 502
366 501
366 500
366 499
366 498
366 497
367 502
367 501
367 500
367 499
367 498
367 497
368 502
368 501
368 500
368 499
368 498
368 497
369 502
369 501
369 500
369 499
369 498
369 497
370 502
370 501
370 500
370 499
370 498
370 497
371 502
371 501
371 500
371 499
371 498
371 497
372 502
372 501
372 500
372 499
372 498
372 497
373 502
373 501
373 500
373 499
373 498
373 497
374 502
374 501
374 500
374 499
374 498
374 497
375 502
375 501
375 500
375 499
375 498
375 497
376 502
376 501
376 500
376 499
376 498
376 497
377 502
377 501
377 500
377 499
377 498
377 497
378 502
378 501
378 500
378 499
378 498
378 497
379 502
379 501
379 500
379 499
379 498
379 497
380 502
380 501
380 500
380 499
380 498
380 497
381 502
381 501
381 500
381 499
381 498
381 497
382 502
382 501
382 500
382 499
382 498
382 497
383 502
383 501
383 500
383 499
383 498
383 497
384 502
384 501
384 500
384 499
384 498
384 497
385 502
385 501
385 500
385 499
385 498
385 497
386 502
386 501
386 500
386 499
386 498
386 497
387 502
387 501
387 500
387 499
387 498
387 497
388 502
388 501
388 500
388 499
388 498
388 497
389 502
389 501
389 500
389 499
389 498
389 497
390 502
390 501
390 500
390 499
390 498
390 497
391 502
391 501
391 500
391 499
391 498
391 497
392 502
392 501
392 500
392 499
392 498
392 497
393 502
393 501
393 500
393 499
393 498
393 497
394 502
394 501
394 500
394 499
394 498
394 497
395 502
395 501
395 500
395 499
395 498
395 497
396 502
396 501
396 500
396 499
396 498
396 497
397 502
398 502
407 502
407 501
407 500
407 499
407 498
407 497
408 502
408 501
408 500
408 499
408 498
408 497
409 502
409 501
409 500
409 499
409 498
409 497
410 502
410 501
410 500
410 499
410 498
410 497
411 502
411 501
411 500
411 499
411 498
411 497
412 502
412 501
412 500
412 499
412 498
412 497
413 502
413 501
413 500
413 499
413 498
413 497
414 502
414 501
414 500
414 499
414 498
414 497
415 502
415 501
415 500
415 499
415 498
415 497
416 502
416 501
416 500
416 499
416 498
416 497
417 502
417 501
417 500
417 499
417 498
417 497
418 502
418 501
418 500
418 499
418 498
418 497
419 502
419 501
419 500
419 499
419 498
419 497
420 502
420 501
420 500
420 499
420 498
420 497
421 502
421 501
421 500
421 499
421 498
421 497
422 502
422 501
422 500
422 499
422 498
422 497
423 502
423 501
423 500
423 499
423 498
423 497
424 502
424 501
424 500
424 499
424 498
424 497
433 502
433 501
433 500
433 499
433 498
433 497
434 502
434 501
434 500
434 499
434 498
434 497
435 502
435 501
435 500
435 499
435 498
435 497
436 502
436 501
436 500
436 499
436 498
436 497
437 502
437 501
437 500
437 499
437 498
437 497
438 502
438 501
438 500
438 499
438 498
438 497
439 502
439 501
439 500
439 499
439 498
439 497
440 502
440 501
440 500
440 499
440 498
440 497
441 502
441 501
441 500
441 499
441 498
441 497
442 502
442 501
442 500
442 499
442 498
442 497
443 502
443 501
443 500
443 499
443 498
443 497
444 502
444 501
444 500
444 499
444 498
444 497
445 502
445 501
445 500
445 499
445 498
445 497
446 502
446 501
446 500
446 499
446 498
446 497
447 502
447 501
447 500
447 499
447 498
447 497
448 502
448 501
448 500
448 499
448 498
448 497
449 502
449 501
449 500
449 499
449 498
449 497
450 502
450 501
450 500
450 499
450 498
450 497
451 502
451 501
451 500
451 499
451 498
451 497
452 502
452 501
452 500
452 499
452 498
452 497
453 502
453 501
453 500
453 499
453 498
453 497
454 502
454 501
454 500
454 499
454 498
454 497
455 502
455 501
455 500
455 499
455 498
455 497
456 502
456 501
456 500
456 499
456 498
456 497
457 502
457 501
457 500
457 499
457 498
457 497
458 502
458 501
458 500
458 499
458 498
458 497
459 502
459 501
459 500
459 499
459 498
459 497
460 502
460 501
460 500
460 499
460 498
460 497
461 502
461 501
461 500
461 499
461 498
461 497
462 502
462 501
462 500
462 499
462 498
462 497
463 502
463 501
463 500
463 499
463 498
463 497
464 502
464 501
464 500
464 499
464 498
464 497
465 502
465 501
465 500
465 499
465 498
465 497
466 502
466 501
466 500
466 499
466 498
466 497
467 502
467 501
467 500
467 499
467 498
467 497
468 502
468 501
468 500
468 499
468 498
468 497
469 502
469 501
469 500
469 499
469 498
469 497
470 502
470 501
470 500
470 499
470 498
470 497
471 502
471 501
471 500
471 499
471 498
471 497
472 502
472 501
472 500
472 499
472 498
472 497
473 502
473 501
473 500
473 499
473 498
473 497
474 502
474 501
474 500
474 499
474 498
474 497
475 502
475 501
475 500
475 499
475 498
475 497
476 502
476 501
476 500
476 499
476 498
476 497
477 502
477 501
477 500
477 499
477 498
477 497
478 502
478 501
478 500
478 499
478 498
478 497
479 502
479 501
479 500
479 499
479 498
479 497
480 502
480 501
480 500
480 499
480 498
480 497
481 502
481 501
481 500
481 499
481 498
481 497
482 502
482 501
482 500
482 499
482 498
482 497
483 502
483 501
483 500
483 499
483 498
483 497
484 502
484 501
484 500
484 499
484 498
484 497
485 502
485 501
485 500
485 499
485 498
485 497
486 502
486 501
486 500
486 499
486 498
486 497
487 502
487 501
487 500
487 499
487 498
487 497
488 502
488 501
488 500
488 499
488 498
488 497
489 502
489 501
489 500
489 499
489 498
489 497
490 502
490 501
490 500
490 499
490 498
490 497
491 502
491 501
491 500
491 499
491 498
491 497
492 502
492 501
492 500
492 499
492 498
492 497
493 502
493 501
493 500
493 499
493 498
493 497
494 502
494 501
494 500
494 499
494 498
494 497
495 502
495 501
495 500
495 499
495 498
495 497
496 502
496 501
496 500
496 499
496 498
496 497
497 502
497 501
497 500
497 499
497 498
497 497
498 502
498 501
498 500
498 499
498 498
498 497
499 502
499 501
499 500
499 499
499 498
499 497
500 502
500 501
500 500
500 499
500 498
500 497
501 502
501 501
501 500
501 499
501 498
501 497
502 502
502 501
502 500
502 499
502 498
502 497
503 502
503 501
503 500
503 499
503 498
503 497
504 502
504 501
504 500
504 499
504 498
504 497
505 502
505 501
505 500
505 499
505 498
505 497
506 502
506 501
506 500
506 499
506 498
506 497
507 502
507 501
507 500
507 499
507 498
507 497
508 504
508 503
508 502
508 501
508 500
508 499
508 498
508 497
508 496
509 505
509 504
509 503
509 502
509 501
509 500
509 499
509 498
509 497
510 506
510 505
510 504
510 503
510 502
510 501
510 500
510 499
510 498
511 507
511 506
511 505
511 504
511 503
511 502
511 501
511 500
511 499
512 508
512 507
512 506
512 505
512 504
512 503
512 502
512 501
512 500
513 509
513 508
513 507
513 506
513 505
513 504
513 503
513 502
513 501
514 510
514 509
514 508
514 507
514 506
514 505
514 504
514 503
514 502
515 511
515 510
515 509
515 508
515 507
515 506
515 505
515 504
515 503
516 512
516 511
516 510
516 509
516 508
516 507
516 506
516 505
516 504
517 513
517 512
517 511
517 510
517 509
517 508
517 507
517 506
517 505
518 514
518 513
518 512
518 511
518 510
518 509
518 508
518 507
518 506
519 515
519 514
519 513
519 512
519 511
519 510
519 509
519 508
519 507
520 516
520 515
520 514
520 513
520 512
520 511
520 510
520 509
520 508
521 517
521 516
521 515
521 514
521 513
521 512
521 511
521 510
521 509
522 518
522 517
522 516
522 515
522 514
522 513
522 512
522 511
522 510
523 519
523 518
523 517
523 516
523 515
523 514
523 513
523 512
523 511
524 520
524 519
524 518
524 517
524 516
524 515
524 514
524 513
524 512
525 521
525 520
525 519
525 518
525 517
525 516
525 515
525 514
525 513
526 522
526 521
526 520
526 519
526 518
526 517
526 516
526 515
526 514
527 523
527 522
527 521
527 520
527 519
527 518
527 517
527 516
527 515
528 524
528 523
528 522
528 521
528 520
528 519
528 518
528 517
528 516
529 525
529 524
529 523
529 522
529 521
529 520
529 519
529 518
529 517
530 526
530 525
530 524
530 523
530 522
530 521
530 520
530 519
530 518
531 527
531 526
531 525
531 524
531 523
531 522
531 521
531 520
531 519
532 528
532 527
532 526
532 525
532 524
532 523
532 522
532 521
532 520
533 529
533 528
533 527
533 526
533 525
533 524
533 523
533 522
533 521
534 530
534 529
534 528
534 527
534 526
534 525
534 524
534 523
534 522
535 531
535 530
535 529
535 528
535 527
535 526
535 525
535 524
535 523
536 532
536 531
536 530
536 529
536 528
536 527
536 526
536 525
536 524
537 533
537 532
537 531
537 530
537 529
537 528
537 527
537 526
537 525
538 534
538 533
538 532
538 531
538 530
538 529
538 528
538 527
538 526
539 535
539 534
539 533
539 532
539 531
539 530
539 529
539 528
539 527
540 536
540 535
540 534
540 533
540 532
540 531
540 530
540 529
540 528
541 537
541 536
541 535
541 534
541 533
541 532
541 531
541 530
541 529
542 538
542 537
542 536
542 535
542 534
542 533
542 532
542 531
542 530
543 539
543 538
543 537
543 536
543 535
543 534
543 533
543 532
543 531
544 540
544 539
544 538
544 537
544 536
544 535
544 534
544 533
544 532
545 537
545 536
545 535
545 534
545 533
546 537
546 536
546 535
546 534
547 537
547 536
547 535
548 537
548 536
549 537
550 546
551 547
551 546
552 548
552 547
552 546
553 549
553 548
553 547
553 546
553 545
553 544
553 543
553 542
553 541
554 550
554 549
554 548
554 547
554 546
554 545
554 544
554 543
554 542
555 551
555 550
555 549
555 548
555 547
555 546
555 545
555 544
555 543
556 552
556 551
556 550
556 549
556 548
556 547
556 546
556 545
556 544
557 553
557 552
557 551
557 550
557 549
557 548
557 547
557 546
557 545
558 554
558 553
558 552
558 551
558 550
558 549
558 548
558 547
558 546
559 555
559 554
559 553
559 552
559 551
559 550
559 549
559 548
559 547
560 556
560 555
560 554
560 553
560 552
560 551
560 550
560 549
560 548
561 557
561 556
561 555
561 554
561 553
561 552
561 551
561 550
561 549
562 558
562 557
562 556
562 555
562 554
562 553
562 552
562 551
562 550
563 559
563 558
563 557
563 556
563 555
563 554
563 553
563 552
563 551
564 560
564 559
564 558
564 557
564 556
564 555
564 554
564 553
564 552
565 561
565 560
565 559
565 558
565 557
565 556
565 555
565 554
565 553
566 562
566 561
566 560
566 559
566 558
566 557
566 556
566 555
566 554
567 563
567 562
567 561
567 560
567 559
567 558
567 557
567 556
567 555
568 564
568 563
568 562
568 561
568 560
568 559
568 558
568 557
568 556
569 565
569 564
569 563
569 562
569 561
569 560
569 559
569 558
569 557
570 566
570 565
570 564
570 563
570 562
570 561
570 560
570 559
570 558
571 567
571 566
571 565
571 564
571 563
571 562
571 561
571 560
571 559
572 568
572 567
572 566
572 565
572 564
572 563
572 562
572 561
572 560
573 569
573 568
573 567
573 566
573 565
573 564
573 563
573 562
573 561
574 570
574 569
574 568
574 567
574 566
574 565
574 564
574 563
574 562
575 571
575 570
575 569
575 568
575 567
575 566
575 565
575 564
575 563
576 572
576 571
576 570
576 569
576 568
576 567
576 566
576 565
576 564
577 573
577 572
577 571
577 570
577 569
577 568
577 567
577 566
577 565
578 574
578 573
578 572
578 571
578 570
578 569
578 568
578 567
578 566
582 578
583 579
583 578
584 580
584 579
584 578
585 581
585 580
585 579
585 578
586 582
586 581
586 580
586 579
586 578
587 583
587 582
587 581
587 580
587 579
587 578
587 577
587 576
587 575
588 584
588 583
588 582
588 581
588 580
588 579
588 578
588 577
588 576
589 585
589 584
589 583
589 582
589 581
589 580
589 579
589 578
589 577
590 586
590 585
590 584
590 583
590 582
590 581
590 580
590 579
590 578
591 587
591 586
591 585
591 584
591 583
591 582
591 581
591 580
591 579
592 588
592 587
592 586
592 585
592 584
592 583
592 582
592 581
592 580
593 589
593 588
593 587
593 586
593 585
593 584
593 583
593 582
593 581
594 590
594 589
594 588
594 587
594 586
594 585
594 584
594 583
594 582
595 591
595 590
595 589
595 588
595 587
595 586
595 585
595 584
595 583
596 592
596 591
596 590
596 589
596 588
596 587
596 586
596 585
596 584
597 593
597 592
597 591
597 590
597 589
597 588
597 587
597 586
597 585
598 594
598 593
598 592
598 591
598 590
598 589
598 588
598 587
598 586
599 595
599 594
599 593
599 592
599 591
599 590
599 589
599 588
599 587
600 596
600 595
600 594
600 593
600 592
600 591
600 590
600 589
600 588
601 597
601 596
601 595
601 594
601 593
601 592
601 591
601 590
601 589
602 598
602 597
602 596
602 595
602 594
602 593
602 592
602 591
602 590
603 599
603 598
603 597
603 596
603 595
603 594
603 593
603 592
603 591
604 600
604 599
604 598
604 597
604 596
604 595
604 594
604 593
604 592
605 601
605 600
605 599
605 598
605 597
605 596
605 595
605 594
605 593
606 602
606 601
606 600
606 599
606 598
606 597
606 596
606 595
606 594
607 599
607 598
607 597
607 596
607 595
608 599
608 598
608 597
608 596
609 599
609 598
609 597
610 599
610 598
611 599
612 608
613 609
613 608
614 610
614 609
614 608
615 611
615 610
615 609
615 608
615 607
615 606
615 605
615 604
615 603
616 612
616 611
616 610
616 609
616 608
616 607
616 606
616 605
616 604
617 613
617 612
617 611
617 610
617 609
617 608
617 607
617 606
617 605
618 614
618 613
618 612
618 611
618 610
618 609
618 608
618 607
618 606
619 615
619 614
619 613
619 612
619 611
619 610
619 609
619 608
619 607
620 616
620 615
620 614
620 613
620 612
620 611
620 610
620 609
620 608
621 617
621 616
621 615
621 614
621 613
621 612
621 611
621 610
621 609
622 618
622 617
622 616
622 615
622 614
622 613
622 612
622 611
622 610
623 619
623 618
623 617
623 616
623 615
623 614
623 613
623 612
623 611
624 620
624 619
624 618
624 617
624 616
624 615
624 614
624 613
624 612
625 621
625 620
625 619
625 618
625 617
625 616
625 615
625 614
625 613
626 622
626 621
626 620
626 619
626 618
626 617
626 616
626 615
626 614
627 623
627 622
627 621
627 620
627 619
627 618
627 617
627 616
627 615
628 624
628 623
628 622
628 621
628 620
628 619
628 618
628 617
628 616
629 625
629 624
629 623
629 622
629 621
629 620
629 619
629 618
629 617
630 626
630 625
630 624
630 623
630 622
630 621
630 620
630 619
630 618
631 627
631 626
631 625
631 624
631 623
631 622
631 621
631 620
631 619
632 628
632 627
632 626
632 625
632 624
632 623
632 622
632 621
632 620
633 629
633 628
633 627
633 626
633 625
633 624
633 623
633 622
633 621
634 630
634 629
634 628
634 627
634 626
634 625
634 624
634 623
634 622
635 631
635 630
635 629
635 628
635 627
635 626
635 625
635 624
635 623
636 632
636 631
636 630
636 629
636 628
636 627
636 626
636 625
636 624
637 633
637 632
637 631
637 630
637 629
637 628
637 627
637 626
637 625
638 634
638 633
638 632
638 631
638 630
638 629
638 628
638 627
638 626
639 635
639 634
639 633
639 632
639 631
639 630
639 629
639 628
639 627
640 636
640 635
640 634
640 633
640 632
640 631
640 630
640 629
640 628
641 637
641 636
641 635
641 634
641 633
641 632
641 631
641 630
641 629
642 638
642 637
642 636
642 635
642 634
642 633
642 632
642 631
642 630
643 639
643 638
643 637
643 636
643 635
643 634
643 633
643 632
643 631
644 640
644 639
644 638
644 637
644 636
644 635
644 634
644 633
644 632
645 641
645 640
645 639
645 638
645 637
645 636
645 635
645 634
645 633
646 642
646 641
646 640
646 639
646 638
646 637
646 636
646 635
646 634
647 643
647 642
647 641
647 640
647 639
647 638
647 637
647 636
647 635
648 644
648 643
648 642
648 641
648 640
648 639
648 638
648 637
648 636
649 645
649 644
649 643
649 642
649 641
649 640
649 639
649 638
649 637
650 646
650 645
650 644
650 643
650 642
650 641
650 640
650 639
650 638
651 647
651 646
651 645
651 644
651 643
651 642
651 641
651 640
651 639
652 648
652 647
652 646
652 645
652 644
652 643
652 642
652 641
652 640
653 649
653 648
653 647
653 646
653 645
653 644
653 643
653 642
653 641
654 650
654 649
654 648
654 647
654 646
654 645
654 644
654 643
654 642
655 651
655 650
655 649
655 648
655 647
655 646
655 645
655 644
655 643
656 652
656 651
656 650
656 649
656 648
656 647
656 646
656 645
656 644
657 653
657 652
657 651
657 650
657 649
657 648
657 647
657 646
657 645
658 654
658 653
658 652
658 651
658 650
658 649
658 648
658 647
658 646
659 655
659 654
659 653
659 652
659 651
659 650
659 649
659 648
659 647
660 656
660 655
660 654
660 653
660 652
660 651
660 650
660 649
660 648
661 657
661 656
661 655
661 654
661 653
661 652
661 651
661 650
661 649
662 658
662 657
662 656
662 655
662 654
662 653
662 652
662 651
662 650
663 659
663 658
663 657
663 656
663 655
663 654
663 653
663 652
663 651
664 660
664 659
664 658
664 657
664 656
664 655
664 654
664 653
664 652
665 661
665 660
665 659
665 658
665 657
665 656
665 655
665 654
665 653
666 662
666 661
666 660
666 659
666 658
666 657
666 656
666 655
666 654
667 663
667 662
667 661
667 660
667 659
667 658
667 657
667 656
667 655
668 664
668 663
668 662
668 661
668 660
668 659
668 658
668 657
668 656
669 665
669 664
669 663
669 662
669 661
669 660
669 659
669 658
669 657
670 666
670 665
670 664
670 663
670 662
670 661
670 660
670 659
670 658
671 667
671 666
671 665
671 664
671 663
671 662
671 661
671 660
671 659
672 668
672 667
672 666
672 665
672 664
672 663
672 662
672 661
672 660
673 669
673 668
673 667
673 666
673 665
673 664
673 663
673 662
673 661
674 670
674 669
674 668
674 667
674 666
674 665
674 664
674 663
674 662
675 671
675 670
675 669
675 668
675 667
675 666
675 665
675 664
675 663
676 672
676 671
676 670
676 669
676 668
676 667
676 666
676 665
676 664
677 673
677 672
677 671
677 670
677 669
677 668
677 667
677 666
677 665
678 674
678 673
678 672
678 671
678 670
678 669
678 668
678 667
678 666
679 675
679 674
679 673
679 672
679 671
679 670
679 669
679 668
679 667
680 676
680 675
680 674
680 673
680 672
680 671
680 670
680 669
680 668
681 677
681 676
681 675
681 674
681 673
681 672
681 671
681 670
681 669
682 678
682 677
682 676
682 675
682 674
682 673
682 672
682 671
682 670
683 679
683 678
683 677
683 676
683 675
683 674
683 673
683 672
683 671
684 680
684 679
684 678
684 677
684 676
684 675
684 674
684 673
684 672
685 681
685 680
685 679
685 678
685 677
685 676
685 675
685 674
685 673
686 682
686 681
686 680
686 679
686 678
686 677
686 676
686 675
686 674
687 683
687 682
687 681
687 680
687 679
687 678
687 677
687 676
687 675
688 684
688 683
688 682
688 681
688 680
688 679
688 678
688 677
688 676
689 685
689 684
689 683
689 682
689 681
689 680
689 679
689 678
689 677
690 686
690 685
690 684
690 683
690 682
690 681
690 680
690 679
690 678
691 687
691 686
691 685
691 684
691 683
691 682
691 681
691 680
691 679
692 688
692 687
692 686
692 685
692 684
692 683
692 682
692 681
692 680
693 689
693 688
693 687
693 686
693 685
693 684
693 683
693 682
693 681
694 690
694 689
694 688
694 687
694 686
694 685
694 684
694 683
694 682
695 691
695 690
695 689
695 688
695 687
695 686
695 685
695 684
695 683
696 692
696 691
696 690
696 689
696 688
696 687
696 686
696 685
696 684
697 693
697 692
697 691
697 690
697 689
697 688
697 687
697 686
697 685
698 694
698 693
698 692
698 691
698 690
698 689
698 688
698 687
698 686
699 695
699 694
699 693
699 692
699 691
699 690
699 689
699 688
699 687
700 696
700 695
700 694
700 693
700 692
700 691
700 690
700 689
700 688
701 697
701 696
701 695
701 694
701 693
701 692
701 691
701 690
701 689
702 698
702 697
702 696
702 695
702 694
702 693
702 692
702 691
702 690
703 699
703 698
703 697
703 696
703 695
703 694
703 693
703 692
703 691
704 700
704 699
704 698
704 697
704 696
704 695
704 694
704 693
704 692
705 701
705 700
705 699
705 698
705 697
705 696
705 695
705 694
705 693
706 702
706 701
706 700
706 699
706 698
706 697
706 696
706 695
706 694
707 703
707 702
707 701
707 700
707 699
707 698
707 697
707 696
707 695
708 704
708 703
708 702
708 701
708 700
708 699
708 698
708 697
708 696
709 705
709 704
709 703
709 702
709 701
709 700
709 699
709 698
709 697
710 706
710 705
710 704
710 703
710 702
710 701
710 700
710 699
710 698
711 707
711 706
711 705
711 704
711 703
711 702
711 701
711 700
711 699
712 708
712 707
712 706
712 705
712 704
712 703
712 702
712 701
712 700
713 709
713 708
713 707
713 706
713 705
713 704
713 703
713 702
713 701
714 710
714 709
714 708
714 707
714 706
714 705
714 704
714 703
714 702
715 711
715 710
715 709
715 708
715 707
715 706
715 705
715 704
715 703
716 712
716 711
716 710
716 709
716 708
716 707
716 706
716 705
716 704
717 713
717 712
717 711
717 710
717 709
717 708
717 707
717 706
717 705
718 714
718 713
718 712
718 711
718 710
718 709
718 708
718 707
718 706
719 715
719 714
719 713
719 712
719 711
719 710
719 709
719 708
719 707
720 716
720 715
720 714
720 713
720 712
720 711
720 710
720 709
720 708
721 717
721 716
721 715
721 714
721 713
721 712
721 711
721 710
721 709
722 718
722 717
722 716
722 715
722 714
722 713
722 712
722 711
722 710
723 719
723 718
723 717
723 716
723 715
723 714
723 713
723 712
723 711
724 720
724 719
724 718
724 717
724 716
724 715
724 714
724 713
724 712
725 721
725 720
725 719
725 718
725 717
725 716
725 715
725 714
725 713
726 722
726 721
726 720
726 719
726 718
726 717
726 716
726 715
726 714
727 723
727 722
727 721
727 720
727 719
727 718
727 717
727 716
727 715
728 724
728 723
728 722
728 721
728 720
728 719
728 718
728 717
728 716
729 725
729 724
729 723
729 722
729 721
729 720
729 719
729 718
729 717
730 726
730 725
730 724
730 723
730 722
730 721
730 720
730 719
730 718
731 727
731 726
731 725
731 724
731 723
731 722
731 721
731 720
731 719
732 728
732 727
732 726
732 725
732 724
732 723
732 722
732 721
732 720
733 729
733 728
733 727
733 726
733 725
733 724
733 723
733 722
733 721
734 730
734 729
734 728
734 727
734 726
734 725
734 724
734 723
734 722
735 731
735 730
735 729
735 728
735 727
735 726
735 725
735 724
735 723
736 732
736 731
736 730
736 729
736 728
736 727
736 726
736 725
736 724
737 733
737 732
737 731
737 730
737 729
737 728
737 727
737 726
737 725
738 734
738 733
738 732
738 731
738 730
738 729
738 728
738 727
738 726
739 735
739 734
739 733
739 732
739 731
739 730
739 729
739 728
739 727
740 736
740 735
740 734
740 733
740 732
740 731
740 730
740 729
740 728
741 737
741 736
741 735
741 734
741 733
741 732
741 731
741 730
741 729
742 738
742 737
742 736
742 735
742 734
742 733
742 732
742 731
742 730
743 739
743 738
743 737
743 736
743 735
743 734
743 733
743 732
743 731
744 740
744 739
744 738
744 737
744 736
744 735
744 734
744 733
744 732
745 741
745 740
745 739
745 738
745 737
745 736
745 735
745 734
745 733
746 742
746 741
746 740
746 739
746 738
746 737
746 736
746 735
746 734
747 743
747 742
747 741
747 740
747 739
747 738
747 737
747 736
747 735
748 744
748 743
748 742
748 741
748 740
748 739
748 738
748 737
748 736
749 745
749 744
749 743
749 742
749 741
749 740
749 739
749 738
749 737
750 746
750 745
750 744
750 743
750 742
750 741
750 740
750 739
750 738
751 747
751 746
751 745
751 744
751 743
751 742
751 741
751 740
751 739
752 748
752 747
752 746
752 745
752 744
752 743
752 742
752 741
752 740
753 749
753 748
753 747
753 746
753 745
753 744
753 743
753 742
753 741
754 750
754 749
754 748
754 747
754 746
754 745
754 744
754 743
754 742
755 751
755 750
755 749
755 748
755 747
755 746
755 745
755 744
755 743
756 752
756 751
756 750
756 749
756 748
756 747
756 746
756 745
756 744
757 753
757 752
757 751
757 750
757 749
757 748
757 747
757 746
757 745
758 754
758 753
758 752
758 751
758 750
758 749
758 748
758 747
758 746
759 755
759 754
759 753
759 752
759 751
759 750
759 749
759 748
759 747
760 756
760 755
760 754
760 753
760 752
760 751
760 750
760 749
760 748
761 757
761 756
761 755
761 754
761 753
761 752
761 751
761 750
761 749
762 758
762 757
762 756
762 755
762 754
762 753
762 752
762 751
762 750
763 759
763 758
763 757
763 756
763 755
763 754
763 753
763 752
763 751
764 760
764 759
764 758
764 757
764 756
764 755
764 754
764 753
764 752
765 761
765 760
765 759
765 758
765 757
765 756
765 755
765 754
765 753
766 762
766 761
766 760
766 759
766 758
766 757
766 756
766 755
766 754
767 763
767 762
767 761
767 760
767 759
767 758
767 757
767 756
767 755
768 764
768 763
768 762
768 761
768 760
768 759
768 758
768 757
768 756
769 765
769 764
769 763
769 762
769 761
769 760
769 759
769 758
769 757
770 766
770 765
770 764
770 763
770 762
770 761
770 760
770 759
770 758
771 767
771 766
771 765
771 764
771 763
771 762
771 761
771 760
771 759
772 768
772 767
772 766
772 765
772 764
772 763
772 762
772 761
772 760
773 769
773 768
773 767
773 766
773 765
773 764
773 763
773 762
773 761
774 770
774 769
774 768
774 767
774 766
774 765
774 764
774 763
774 762
775 771
775 770
775 769
775 768
775 767
775 766
775 765
775 764
775 763
776 772
776 771
776 770
776 769
776 768
776 767
776 766
776 765
776 764
777 772
777 771
777 770
777 769
777 768
777 767
777 766
777 765
777 764
778 773
778 772
778 771
778 770
778 769
778 768
778 767
778 766
778 765
779 774
779 773
779 772
779 771
779 770
779 769
779 768
779 767
779 766
780 775
780 774
780 773
780 772
780 771
780 770
780 769
780 768
780 767
781 776
781 775
781 774
781 773
781 772
781 771
781 770
781 769
781 768
782 777
782 776
782 775
782 774
782 773
782 772
782 771
782 770
782 769
783 778
783 777
783 776
783 775
783 774
783 773
783 772
783 771
783 770
784 779
784 778
784 777
784 776
784 775
784 774
784 773
784 772
784 771
785 780
785 779
785 778
785 777
785 776
785 775
785 774
785 773
785 772
786 781
786 780
786 779
786 778
786 777
786 776
786 775
786 774
786 773
787 782
787 781
787 780
787 779
787 778
787 777
787 776
787 775
787 774
788 783
788 782
788 781
788 780
788 779
788 778
788 777
788 776
788 775
789 784
789 783
789 782
789 781
789 780
789 779
789 778
789 777
789 776
790 785
790 784
790 783
790 782
790 781
790 780
790 779
790 778
790 777
791 786
791 785
791 784
791 783
791 782
791 781
791 780
791 779
791 778
792 787
792 786
792 785
792 784
792 783
792 782
792 781
792 780
792 779
793 788
793 787
793 786
793 785
793 784
793 783
793 782
793 781
793 780
794 789
794 788
794 787
794 786
794 785
794 784
794 783
794 782
794 781
795 790
795 789
795 788
795 787
795 786
795 785
795 784
795 783
795 782
796 791
796 790
796 789
796 788
796 787
796 786
796 785
796 784
796 783
797 792
797 791
797 790
797 789
797 788
797 787
797 786
797 785
797 784
798 793
798 792
798 791
798 790
798 789
798 788
798 787
798 786
798 785
799 794
799 793
799 792
799 791
799 790
799 789
799 788
799 787
799 786
800 795
800 794
800 793
800 792
800 791
800 790
800 789
800 788
800 787
801 796
801 795
801 794
801 793
801 792
801 791
801 790
801 789
801 788
802 797
802 796
802 795
802 794
802 793
802 792
802 791
802 790
802 789
803 798
803 797
803 796
803 795
803 794
803 793
803 792
803 791
803 790
804 799
804 798
804 797
804 796
804 795
804 794
804 793
804 792
804 791
805 800
805 799
805 798
805 797
805 796
805 795
805 794
805 793
805 792
806 801
806 800
806 799
806 798
806 797
806 796
806 795
806 794
806 793
807 802
807 801
807 800
807 799
807 798
807 797
807 796
807 795
807 794
808 803
808 802
808 801
808 800
808 799
808 798
808 797
808 796
808 795
809 804
809 803
809 802
809 801
809 800
809 799
809 798
809 797
809 796
810 805
810 804
810 803
810 802
810 801
810 800
810 799
810 798
810 797
811 806
811 805
811 804
811 803
811 802
811 801
811 800
811 799
811 798
812 807
812 806
812 805
812 804
812 803
812 802
812 801
812 800
812 799
813 808
813 807
813 806
813 805
813 804
813 803
813 802
813 801
813 800
814 809
814 808
814 807
814 806
814 805
814 804
814 803
814 802
814 801
815 810
815 809
815 808
815 807
815 806
815 805
815 804
815 803
815 802
816 811
816 810
816 809
816 808
816 807
816 806
816 805
816 804
816 803
817 812
817 811
817 810
817 809
817 808
817 807
817 806
817 805
817 804
818 813
818 812
818 811
818 810
818 809
818 808
818 807
818 806
818 805
819 814
819 813
819 812
819 811
819 810
819 809
819 808
819 807
819 806
820 815
820 814
820 813
820 812
820 811
820 810
820 809
820 808
820 807
821 816
821 815
821 814
821 813
821 812
821 811
821 810
821 809
821 808
822 817
822 816
822 815
822 814
822 813
822 812
822 811
822 810
822 809
823 818
823 817
823 816
823 815
823 814
823 813
823 812
823 811
823 810
824 819
824 818
824 817
824 816
824 815
824 814
824 813
824 812
824 811
825 820
825 819
825 818
825 817
825 816
825 815
825 814
825 813
825 812
826 821
826 820
826 819
826 818
826 817
826 816
826 815
826 814
826 813
827 822
827 821
827 820
827 819
827 818
827 817
827 816
827 815
827 814
828 823
828 822
828 821
828 820
828 819
828 818
828 817
828 816
828 815
829 824
829 823
829 822
829 821
829 820
829 819
829 818
829 817
829 816
830 825
830 824
830 823
830 822
830 821
830 820
830 819
830 818
830 817
831 826
831 825
831 824
831 823
831 822
831 821
831 820
831 819
831 818
832 827
832 826
832 825
832 824
832 823
832 822
832 821
832 820
832 819
833 828
833 827
833 826
833 825
833 824
833 823
833 822
833 821
833 820
834 829
834 828
834 827
834 826
834 825
834 824
834 823
834 822
834 821
836 830
835 829
835 828
835 827
835 826
835 825
835 824
835 823
835 822
837 831
837 830
836 829
836 828
836 827
836 826
836 825
836 824
836 823
838 832
838 831
838 830
837 829
837 828
837 827
837 826
837 825
837 824
839 833
839 832
839 831
839 830
838 829
838 828
838 827
838 826
838 825
840 834
840 833
840 832
840 831
840 830
839 829
839 828
839 827
839 826
841 835
841 834
841 833
841 832
841 831
841 830
840 829
840 828
840 827
842 836
842 835
842 834
842 833
842 832
842 831
842 830
841 829
841 828
843 837
843 836
843 835
843 834
843 833
843 832
843 831
843 830
842 829
844 838
844 837
844 836
844 835
844 834
844 833
844 832
844 831
844 830
845 839
845 838
845 837
845 836
845 835
845 834
845 833
845 832
845 831
846 840
846 839
846 838
846 837
846 836
846 835
846 834
846 833
846 832
847 841
847 840
847 839
847 838
847 837
847 836
847 835
847 834
847 833
848 842
848 841
848 840
848 839
848 838
848 837
848 836
848 835
848 834
849 843
849 842
849 841
849 840
849 839
849 838
849 837
849 836
849 835
850 844
850 843
850 842
850 841
850 840
850 839
850 838
850 837
850 836
851 845
851 844
851 843
851 842
851 841
851 840
851 839
851 838
851 837
852 846
852 845
852 844
852 843
852 842
852 841
852 840
852 839
852 838
853 847
853 846
853 845
853 844
853 843
853 842
853 841
853 840
853 839
854 848
854 847
854 846
854 845
854 844
854 843
854 842
854 841
854 840
855 849
855 848
855 847
855 846
855 845
855 844
855 843
855 842
855 841
856 850
856 849
856 848
856 847
856 846
856 845
856 844
856 843
856 842
857 851
857 850
857 849
857 848
857 847
857 846
857 845
857 844
857 843
858 852
858 851
858 850
858 849
858 848
858 847
858 846
858 845
858 844
859 853
859 852
859 851
859 850
859 849
859 848
859 847
859 846
859 845
860 854
860 853
860 852
860 851
860 850
860 849
860 848
860 847
860 846
861 855
861 854
861 853
861 852
861 851
861 850
861 849
861 848
861 847
862 856
862 855
862 854
862 853
862 852
862 851
862 850
862 849
862 848
863 857
863 856
863 855
863 854
863 853
863 852
863 851
863 850
863 849
864 858
864 857
864 856
864 855
864 854
864 853
864 852
864 851
864 850
865 859
865 858
865 857
865 856
865 855
865 854
865 853
865 852
865 851
866 860
866 859
866 858
866 857
866 856
866 855
866 854
866 853
866 852
867 861
867 860
867 859
867 858
867 857
867 856
867 855
867 854
867 853
868 862
868 861
868 860
868 859
868 858
868 857
868 856
868 855
868 854
869 863
869 862
869 861
869 860
869 859
869 858
869 857
869 856
869 855
870 864
870 863
870 862
870 861
870 860
870 859
870 858
870 857
870 856
871 865
871 864
871 863
871 862
871 861
871 860
871 859
871 858
871 857
872 866
872 865
872 864
872 863
872 862
872 861
872 860
872 859
872 858
873 867
873 866
873 865
873 864
873 863
873 862
873 861
873 860
873 859
874 868
874 867
874 866
874 865
874 864
874 863
874 862
874 861
874 860
875 869
875 868
875 867
875 866
875 865
875 864
875 863
875 862
875 861
876 870
876 869
876 868
876 867
876 866
876 865
876 864
876 863
876 862
877 871
877 870
877 869
877 868
877 867
877 866
877 865
877 864
877 863
878 872
878 871
878 870
878 869
878 868
878 867
878 866
878 865
878 864
879 873
879 872
879 871
879 870
879 869
879 868
879 867
879 866
879 865
880 874
880 873
880 872
880 871
880 870
880 869
880 868
880 867
880 866
881 875
881 874
881 873
881 872
881 871
881 870
881 869
881 868
881 867
882 876
882 875
882 874
882 873
882 872
882 871
882 870
882 869
882 868
883 877
883 876
883 875
883 874
883 873
883 872
883 871
883 870
883 869
884 878
884 877
884 876
884 875
884 874
884 873
884 872
884 871
884 870
885 879
885 878
885 877
885 876
885 875
885 874
885 873
885 872
885 871
886 874
886 873
886 872
887 874
887 873
888 874
889 883
890 884
890 883
891 885
891 884
891 883
892 886
892 885
892 884
892 883
893 887
893 886
893 885
893 884
893 883
894 888
894 887
894 886
894 885
894 884
894 883
894 882
894 881
894 880
895 889
895 888
895 887
895 886
895 885
895 884
895 883
895 882
895 881
896 890
896 889
896 888
896 887
896 886
896 885
896 884
896 883
896 882
897 891
897 890
897 889
897 888
897 887
897 886
897 885
897 884
897 883
898 892
898 891
898 890
898 889
898 888
898 887
898 886
898 885
898 884
899 893
899 892
899 891
899 890
899 889
899 888
899 887
899 886
899 885
900 894
900 893
900 892
900 891
900 890
900 889
900 888
900 887
900 886
901 895
901 894
901 893
901 892
901 891
901 890
901 889
901 888
901 887
902 896
902 895
902 894
902 893
902 892
902 891
902 890
902 889
902 888
903 897
903 896
903 895
903 894
903 893
903 892
903 891
903 890
903 889
904 898
904 897
904 896
904 895
904 894
904 893
904 892
904 891
904 890
905 898
905 897
905 896
905 895
905 894
905 893
905 892
905 891
906 898
906 897
906 896
906 895
906 894
906 893
906 892
907 898
907 897
907 896
907 895
907 894
907 893
908 898
908 897
908 896
908 895
908 894
909 898
909 897
909 896
909 895
912 906
912 905
912 904
912 903
913 907
913 906
913 905
913 904
913 903
914 908
914 907
914 906
914 905
914 904
914 903
915 909
915 908
915 907
915 906
915 905
915 904
915 903
916 910
916 909
916 908
916 907
916 906
916 905
916 904
916 903
917 911
917 910
917 909
917 908
917 907
917 906
917 905
917 904
917 903
918 912
918 911
918 910
918 909
918 908
918 907
918 906
918 905
918 904
919 913
919 912
919 911
919 910
919 909
919 908
919 907
919 906
919 905
920 914
920 913
920 912
920 911
920 910
920 909
920 908
920 907
920 906
921 915
921 914
921 913
921 912
921 911
921 910
921 909
921 908
921 907
922 916
922 915
922 914
922 913
922 912
922 911
922 910
922 909
922 908
923 917
923 916
923 915
923 914
923 913
923 912
923 911
923 910
923 909
924 918
924 917
924 916
924 915
924 914
924 913
924 912
924 911
924 910
925 919
925 918
925 917
925 916
925 915
925 914
925 913
925 912
925 911
926 920
926 919
926 918
926 917
926 916
926 915
926 914
926 913
926 912
927 921
927 920
927 919
927 918
927 917
927 916
927 915
927 914
927 913
928 922
928 921
928 920
928 919
928 918
928 917
928 916
928 915
928 914
929 923
929 922
929 921
929 920
929 919
929 918
929 917
929 916
929 915
930 918
930 917
930 916
931 918
931 917
933 927
934 928
934 927
935 929
935 928
935 927
936 930
936 929
936 928
936 927
937 931
937 930
937 929
937 928
937 927
938 932
938 931
938 930
938 929
938 928
938 927
938 926
938 925
939 933
939 932
939 931
939 930
939 929
939 928
939 927
939 926
939 925
940 934
940 933
940 932
940 931
940 930
940 929
940 928
940 927
940 926
941 935
941 934
941 933
941 932
941 931
941 930
941 929
941 928
941 927
942 936
942 935
942 934
942 933
942 932
942 931
942 930
942 929
942 928
943 937
943 936
943 935
943 934
943 933
943 932
943 931
943 930
943 929
944 938
944 937
944 936
944 935
944 934
944 933
944 932
944 931
944 930
945 939
945 938
945 937
945 936
945 935
945 934
945 933
945 932
945 931
946 940
946 939
946 938
946 937
946 936
946 935
946 934
946 933
946 932
947 941
947 940
947 939
947 938
947 937
947 936
947 935
947 934
947 933
948 942
948 941
948 940
948 939
948 938
948 937
948 936
948 935
948 934
949 943
949 942
949 941
949 940
949 939
949 938
949 937
949 936
949 935
950 944
950 943
950 942
950 941
950 940
950 939
950 938
950 937
950 936
951 945
951 944
951 943
951 942
951 941
951 940
951 939
951 938
951 937
952 946
952 945
952 944
952 943
952 942
952 941
952 940
952 939
952 938
953 947
953 946
953 945
953 944
953 943
953 942
953 941
953 940
953 939
954 948
954 947
954 946
954 945
954 944
954 943
954 942
954 941
954 940
955 949
955 948
955 947
955 946
955 945
955 944
955 943
955 942
955 941
956 950
956 949
956 948
956 947
956 946
956 945
956 944
956 943
956 942
957 951
957 950
957 949
957 948
957 947
957 946
957 945
957 944
957 943
958 952
958 951
958 950
958 949
958 948
958 947
958 946
958 945
958 944
959 952
959 951
959 950
959 949
959 948
959 947
959 946
959 945
960 952
960 951
960 950
960 949
960 948
960 947
960 946
961 952
961 951
961 950
961 949
961 948
961 947
962 948
966 960
966 959
966 958
966 957
967 961
967 960
967 959
967 958
967 957
968 962
968 961
968 960
968 959
968 958
968 957
969 963
969 962
969 961
969 960
969 959
969 958
969 957
970 964
970 963
970 962
970 961
970 960
970 959
970 958
970 957
970 956
971 965
971 964
971 963
971 962
971 961
971 960
971 959
971 958
971 957
972 966
972 965
972 964
972 963
972 962
972 961
972 960
972 959
972 958
973 967
973 966
973 965
973 964
973 963
973 962
973 961
973 960
973 959
974 968
974 967
974 966
974 965
974 964
974 963
974 962
974 961
974 960
975 969
975 968
975 967
975 966
975 965
975 964
975 963
975 962
975 961
976 970
976 969
976 968
976 967
976 966
976 965
976 964
976 963
976 962
977 971
977 970
977 969
977 968
977 967
977 966
977 965
977 964
977 963
978 972
978 971
978 970
978 969
978 968
978 967
978 966
978 965
978 964
979 973
979 972
979 971
979 970
979 969
979 968
979 967
979 966
979 965
980 974
980 973
980 972
980 971
980 970
980 969
980 968
980 967
980 966
981 975
981 974
981 973
981 972
981 971
981 970
981 969
981 968
981 967
982 976
982 975
982 974
982 973
982 972
982 971
982 970
982 969
982 968
983 977
983 976
983 975
983 974
983 973
983 972
983 971
983 970
983 969
984 978
984 977
984 976
984 975
984 974
984 973
984 972
984 971
984 970
985 979
985 978
985 977
985 976
985 975
985 974
985 973
985 972
985 971
986 980
986 979
986 978
986 977
986 976
986 975
986 974
986 973
986 972
987 981
987 980
987 979
987 978
987 977
987 976
987 975
987 974
987 973
988 982
988 981
988 980
988 979
988 978
988 977
988 976
988 975
988 974
989 983
989 982
989 981
989 980
989 979
989 978
989 977
989 976
989 975
990 984
990 983
990 982
990 981
990 980
990 979
990 978
990 977
990 976
991 985
991 984
991 983
991 982
991 981
991 980
991 979
991 978
991 977
992 986
992 985
992 984
992 983
992 982
992 981
992 980
992 979
992 978
993 987
993 986
993 985
993 984
993 983
993 982
993 981
993 980
993 979
994 990
994 988
994 987
994 986
994 985
994 984
994 983
994 982
994 981
994 980
995 991
995 990
995 989
995 988
995 987
995 986
995 985
995 984
995 983
995 982
995 981
996 992
996 991
996 990
996 989
996 988
996 987
996 986
996 985
996 984
996 983
996 982
997 993
997 992
997 991
997 990
997 989
997 988
997 987
997 986
997 985
997 984
997 983
998 994
998 993
998 992
998 991
998 990
998 989
998 988
998 987
998 986
998 985
998 984
999 995
999 994
999 993
999 992
999 991
999 990
999 989
999 988
999 987
999 986
999 985
