6590 0
0 503
0 502
0 502
1 502
0 501
0 500
3 502
2 502
2 501
1 500
0 499
0 499
5 502
4 502
3 501
2 500
2 499
1 499
0 498
0 497
6 502
5 502
5 501
4 500
3 499
2 499
2 498
1 497
0 497
7 502
7 502
6 501
5 500
5 499
4 499
3 498
2 497
2 497
9 502
8 502
7 501
7 500
6 499
5 499
5 498
4 497
3 497
10 502
10 502
9 501
8 500
7 499
7 499
6 498
5 497
5 497
12 502
11 502
10 501
10 500
9 499
8 499
7 498
7 497
6 497
13 502
12 502
12 501
11 500
10 499
10 499
9 498
8 497
7 497
15 502
14 502
13 501
12 500
12 499
11 499
10 498
10 497
9 497
16 502
15 502
15 501
14 500
13 499
12 499
12 498
11 497
10 497
17 502
17 502
16 501
15 500
15 499
14 499
13 498
12 497
12 497
19 502
18 502
17 501
17 500
16 499
15 499
15 498
14 497
13 497
20 502
19 502
19 501
18 500
17 499
17 499
16 498
15 497
15 497
22 502
21 502
20 501
19 500
19 499
18 499
17 498
17 497
16 497
23 502
22 502
22 501
21 500
20 499
19 499
19 498
18 497
17 497
24 502
24 502
23 501
22 500
22 499
21 499
20 498
19 497
19 497
26 502
25 502
24 501
24 500
23 499
22 499
22 498
21 497
20 497
27 502
27 502
26 501
25 500
24 499
24 499
23 498
22 497
22 497
29 502
28 502
27 501
27 500
26 499
25 499
24 498
24 497
23 497
30 502
29 502
29 501
28 500
27 499
27 499
26 498
25 497
24 497
31 502
31 502
30 501
29 500
29 499
28 499
27 498
27 497
26 497
33 502
32 502
31 501
31 500
30 499
29 499
29 498
28 497
27 497
34 502
34 502
33 501
32 500
31 499
31 499
30 498
29 497
29 497
36 502
35 502
34 501
34 500
33 499
32 499
31 498
31 497
30 497
37 502
36 502
36 501
35 500
34 499
34 499
33 498
32 497
31 497
39 502
38 502
37 501
36 500
36 499
35 499
34 498
34 497
33 497
40 502
39 502
39 501
38 500
37 499
36 499
36 498
35 497
34 497
41 502
41 502
40 501
39 500
39 499
38 499
37 498
36 497
36 497
43 502
42 502
41 501
41 500
40 499
39 499
39 498
38 497
37 497
44 502
44 502
43 501
42 500
41 499
41 499
40 498
39 497
39 497
46 502
45 502
44 501
44 500
43 499
42 499
41 498
41 497
40 497
47 502
46 502
46 501
45 500
44 499
44 499
43 498
42 497
41 497
48 502
48 502
47 501
46 500
46 499
45 499
44 498
44 497
43 497
50 502
49 502
48 501
48 500
47 499
46 499
46 498
45 497
44 497
51 502
51 502
50 501
49 500
48 499
48 499
47 498
46 497
46 497
53 502
52 502
51 501
51 500
50 499
49 499
48 498
48 497
47 497
54 502
53 502
53 501
52 500
51 499
51 499
50 498
49 497
48 497
53 499
52 499
51 498
51 497
50 497
53 499
53 498
52 497
51 497
54 498
53 497
53 497
55 497
54 497
56 497
63 502
64 502
63 502
65 502
65 502
64 501
67 502
66 502
65 501
65 500
64 499
63 499
63 498
62 497
61 497
68 502
68 502
67 501
66 500
65 499
65 499
64 498
63 497
63 497
70 502
69 502
68 501
68 500
67 499
66 499
65 498
65 497
64 497
71 502
70 502
70 501
69 500
68 499
68 499
67 498
66 497
65 497
72 502
72 502
71 501
70 500
70 499
69 499
68 498
68 497
67 497
74 502
73 502
72 501
72 500
71 499
70 499
70 498
69 497
68 497
75 502
75 502
74 501
73 500
72 499
72 499
71 498
70 497
70 497
77 502
76 502
75 501
75 500
74 499
73 499
72 498
72 497
71 497
78 502
77 502
77 501
76 500
75 499
75 499
74 498
73 497
72 497
80 502
79 502
78 501
77 500
77 499
76 499
75 498
75 497
74 497
81 502
80 502
80 501
79 500
78 499
77 499
77 498
76 497
75 497
82 502
82 502
81 501
80 500
80 499
79 499
78 498
77 497
77 497
84 502
83 502
82 501
82 500
81 499
80 499
80 498
79 497
78 497
85 502
85 502
84 501
83 500
82 499
82 499
81 498
80 497
80 497
87 502
86 502
85 501
85 500
84 499
83 499
82 498
82 497
81 497
88 502
87 502
87 501
86 500
85 499
85 499
84 498
83 497
82 497
89 502
89 502
88 501
87 500
87 499
86 499
85 498
85 497
84 497
91 502
90 502
89 501
89 500
88 499
87 499
87 498
86 497
85 497
92 502
92 502
91 501
90 500
89 499
89 499
88 498
87 497
87 497
94 502
93 502
92 501
92 500
91 499
90 499
89 498
89 497
88 497
95 502
94 502
94 501
93 500
92 499
92 499
91 498
90 497
89 497
97 502
96 502
95 501
94 500
94 499
93 499
92 498
92 497
91 497
98 502
97 502
97 501
96 500
95 499
94 499
94 498
93 497
92 497
99 502
99 502
98 501
97 500
97 499
96 499
95 498
94 497
94 497
101 502
100 502
99 501
99 500
98 499
97 499
97 498
96 497
95 497
102 502
101 502
101 501
100 500
99 499
99 499
98 498
97 497
97 497
108 502
109 502
109 502
111 502
110 502
109 501
112 502
111 502
111 501
110 500
114 502
113 502
112 501
111 500
111 499
115 502
114 502
114 501
113 500
112 499
111 499
111 498
110 497
109 497
116 502
116 502
115 501
114 500
114 499
113 499
112 498
111 497
111 497
118 502
117 502
116 501
116 500
115 499
114 499
114 498
113 497
112 497
119 502
118 502
118 501
117 500
116 499
116 499
115 498
114 497
114 497
121 502
120 502
119 501
118 500
118 499
117 499
116 498
116 497
115 497
122 502
121 502
121 501
120 500
119 499
118 499
118 498
117 497
116 497
123 502
123 502
122 501
121 500
121 499
120 499
119 498
118 497
118 497
125 502
124 502
123 501
123 500
122 499
121 499
121 498
120 497
119 497
126 502
126 502
125 501
124 500
123 499
123 499
122 498
121 497
121 497
128 502
127 502
126 501
126 500
125 499
124 499
123 498
123 497
122 497
129 502
128 502
128 501
127 500
126 499
126 499
125 498
124 497
123 497
130 502
130 502
129 501
128 500
128 499
127 499
126 498
126 497
125 497
132 502
131 502
130 501
130 500
129 499
128 499
128 498
127 497
126 497
133 502
133 502
132 501
131 500
130 499
130 499
129 498
128 497
128 497
135 502
134 502
133 501
133 500
132 499
131 499
130 498
130 497
129 497
136 502
135 502
135 501
134 500
133 499
133 499
132 498
131 497
130 497
138 502
137 502
136 501
135 500
135 499
134 499
133 498
133 497
132 497
139 502
138 502
138 501
137 500
136 499
135 499
135 498
134 497
133 497
140 502
140 502
139 501
138 500
138 499
137 499
136 498
135 497
135 497
142 502
141 502
140 501
140 500
139 499
138 499
138 498
137 497
136 497
140 499
140 499
139 498
138 497
138 497
141 499
140 498
140 497
139 497
142 498
141 497
140 497
142 497
142 497
143 497
150 502
152 502
151 502
153 502
152 502
152 501
155 502
154 502
153 501
152 500
152 499
151 499
150 498
150 497
149 497
156 502
155 502
155 501
154 500
153 499
152 499
152 498
151 497
150 497
157 502
157 502
156 501
155 500
155 499
154 499
153 498
152 497
152 497
159 502
158 502
157 501
157 500
156 499
155 499
155 498
154 497
153 497
160 502
159 502
159 501
158 500
157 499
157 499
156 498
155 497
155 497
162 502
161 502
160 501
159 500
159 499
158 499
157 498
157 497
156 497
163 502
162 502
162 501
161 500
160 499
159 499
159 498
158 497
157 497
164 502
164 502
163 501
162 500
162 499
161 499
160 498
159 497
159 497
166 502
165 502
164 501
164 500
163 499
162 499
162 498
161 497
160 497
167 502
167 502
166 501
165 500
164 499
164 499
163 498
162 497
162 497
169 502
168 502
167 501
167 500
166 499
165 499
164 498
164 497
163 497
170 502
169 502
169 501
168 500
167 499
167 499
166 498
165 497
164 497
171 502
171 502
170 501
169 500
169 499
168 499
167 498
167 497
166 497
173 502
172 502
171 501
171 500
170 499
169 499
169 498
168 497
167 497
174 502
174 502
173 501
172 500
171 499
171 499
170 498
169 497
169 497
176 502
175 502
174 501
174 500
173 499
172 499
171 498
171 497
170 497
177 502
176 502
176 501
175 500
174 499
174 499
173 498
172 497
171 497
179 502
178 502
177 501
176 500
176 499
175 499
174 498
174 497
173 497
180 502
179 502
179 501
178 500
177 499
176 499
176 498
175 497
174 497
181 502
181 502
180 501
179 500
179 499
178 499
177 498
176 497
176 497
183 502
182 502
181 501
181 500
180 499
179 499
179 498
178 497
177 497
184 502
184 502
183 501
182 500
181 499
181 499
180 498
179 497
179 497
186 502
185 502
184 501
184 500
183 499
182 499
181 498
181 497
180 497
187 502
186 502
186 501
185 500
184 499
184 499
183 498
182 497
181 497
188 502
188 502
187 501
186 500
186 499
185 499
184 498
184 497
183 497
190 502
189 502
188 501
188 500
187 499
186 499
186 498
185 497
184 497
191 502
191 502
190 501
189 500
188 499
188 499
187 498
186 497
186 497
193 502
192 502
191 501
191 500
190 499
189 499
188 498
188 497
187 497
194 502
193 502
193 501
192 500
191 499
191 499
190 498
189 497
188 497
196 502
195 502
194 501
193 500
193 499
192 499
191 498
191 497
190 497
197 502
196 502
196 501
195 500
194 499
193 499
193 498
192 497
191 497
198 502
198 502
197 501
196 500
196 499
195 499
194 498
193 497
193 497
200 502
199 502
198 501
198 500
197 499
196 499
196 498
195 497
194 497
201 502
200 502
200 501
199 500
198 499
198 499
197 498
196 497
196 497
203 502
202 502
201 501
200 500
200 499
199 499
198 498
198 497
197 497
204 502
203 502
203 501
202 500
201 499
200 499
200 498
199 497
198 497
205 502
205 502
204 501
203 500
203 499
202 499
201 498
200 497
200 497
207 502
206 502
205 501
205 500
204 499
203 499
203 498
202 497
201 497
208 502
208 502
207 501
206 500
205 499
205 499
204 498
203 497
203 497
210 502
209 502
208 501
208 500
207 499
206 499
205 498
205 497
204 497
211 502
210 502
210 501
209 500
208 499
208 499
207 498
206 497
205 497
213 502
212 502
211 501
210 500
210 499
209 499
208 498
208 497
207 497
214 502
213 502
213 501
212 500
211 499
210 499
210 498
209 497
208 497
215 502
215 502
214 501
213 500
213 499
212 499
211 498
210 497
210 497
217 502
216 502
215 501
215 500
214 499
213 499
213 498
212 497
211 497
218 502
217 502
217 501
216 500
215 499
215 499
214 498
213 497
213 497
220 502
219 502
218 501
217 500
217 499
216 499
215 498
215 497
214 497
221 502
220 502
220 501
219 500
218 499
217 499
217 498
216 497
215 497
222 502
222 502
221 501
220 500
220 499
219 499
218 498
217 497
217 497
224 502
223 502
222 501
222 500
221 499
220 499
220 498
219 497
218 497
225 502
225 502
224 501
223 500
222 499
222 499
221 498
220 497
220 497
227 502
226 502
225 501
225 500
224 499
223 499
222 498
222 497
221 497
228 502
227 502
227 501
226 500
225 499
225 499
224 498
223 497
222 497
229 502
229 502
228 501
227 500
227 499
226 499
225 498
225 497
224 497
231 502
230 502
229 501
229 500
228 499
227 499
227 498
226 497
225 497
232 502
232 502
231 501
230 500
229 499
229 499
228 498
227 497
227 497
234 502
233 502
232 501
232 500
231 499
230 499
229 498
229 497
228 497
235 502
234 502
234 501
233 500
232 499
232 499
231 498
230 497
229 497
237 502
236 502
235 501
234 500
234 499
233 499
232 498
232 497
231 497
238 502
237 502
237 501
236 500
235 499
234 499
234 498
233 497
232 497
239 502
239 502
238 501
237 500
237 499
236 499
235 498
234 497
234 497
241 502
240 502
239 501
239 500
238 499
237 499
237 498
236 497
235 497
242 502
241 502
241 501
240 500
239 499
239 499
238 498
237 497
237 497
244 502
243 502
242 501
241 500
241 499
240 499
239 498
239 497
238 497
245 502
244 502
244 501
243 500
242 499
241 499
241 498
240 497
239 497
246 502
246 502
245 501
244 500
244 499
243 499
242 498
241 497
241 497
248 502
247 502
246 501
246 500
245 499
244 499
244 498
243 497
242 497
249 502
249 502
248 501
247 500
246 499
246 499
245 498
244 497
244 497
251 502
250 502
249 501
249 500
248 499
247 499
246 498
246 497
245 497
252 502
251 502
251 501
250 500
249 499
249 499
248 498
247 497
246 497
254 502
253 502
252 501
251 500
251 499
250 499
249 498
249 497
248 497
255 502
254 502
254 501
253 500
252 499
251 499
251 498
250 497
249 497
256 502
256 502
255 501
254 500
254 499
253 499
252 498
251 497
251 497
258 502
257 502
256 501
256 500
255 499
254 499
254 498
253 497
252 497
259 502
258 502
258 501
257 500
256 499
256 499
255 498
254 497
254 497
261 502
260 502
259 501
258 500
258 499
257 499
256 498
256 497
255 497
262 502
261 502
261 501
260 500
259 499
258 499
258 498
257 497
256 497
263 502
263 502
262 501
261 500
261 499
260 499
259 498
258 497
258 497
265 502
264 502
263 501
263 500
262 499
261 499
261 498
260 497
259 497
266 502
266 502
265 501
264 500
263 499
263 499
262 498
261 497
261 497
268 502
267 502
266 501
266 500
265 499
264 499
263 498
263 497
262 497
269 502
268 502
268 501
267 500
266 499
266 499
265 498
264 497
263 497
270 502
270 502
269 501
268 500
268 499
267 499
266 498
266 497
265 497
272 502
271 502
270 501
270 500
269 499
268 499
268 498
267 497
266 497
273 502
273 502
272 501
271 500
270 499
270 499
269 498
268 497
268 497
275 502
274 502
273 501
273 500
272 499
271 499
270 498
270 497
269 497
276 502
275 502
275 501
274 500
273 499
273 499
272 498
271 497
270 497
278 502
277 502
276 501
275 500
275 499
274 499
273 498
273 497
272 497
279 502
278 502
278 501
277 500
276 499
275 499
275 498
274 497
273 497
280 502
280 502
279 501
278 500
278 499
277 499
276 498
275 497
275 497
282 502
281 502
280 501
280 500
279 499
278 499
278 498
277 497
276 497
283 502
283 502
282 501
281 500
280 499
280 499
279 498
278 497
278 497
285 502
284 502
283 501
283 500
282 499
281 499
280 498
280 497
279 497
286 502
285 502
285 501
284 500
283 499
283 499
282 498
281 497
280 497
287 502
287 502
286 501
285 500
285 499
284 499
283 498
283 497
282 497
289 502
288 502
287 501
287 500
286 499
285 499
285 498
284 497
283 497
290 502
290 502
289 501
288 500
287 499
287 499
286 498
285 497
285 497
292 502
291 502
290 501
290 500
289 499
288 499
287 498
287 497
286 497
293 502
292 502
292 501
291 500
290 499
290 499
289 498
288 497
287 497
295 502
294 502
293 501
292 500
292 499
291 499
290 498
290 497
289 497
296 502
295 502
295 501
294 500
293 499
292 499
292 498
291 497
290 497
297 502
297 502
296 501
295 500
295 499
294 499
293 498
292 497
292 497
299 502
298 502
297 501
297 500
296 499
295 499
295 498
294 497
293 497
300 502
299 502
299 501
298 500
297 499
297 499
296 498
295 497
295 497
302 502
301 502
300 501
299 500
299 499
298 499
297 498
297 497
296 497
303 502
302 502
302 501
301 500
300 499
299 499
299 498
298 497
297 497
304 502
304 502
303 501
302 500
302 499
301 499
300 498
299 497
299 497
306 502
305 502
304 501
304 500
303 499
302 499
302 498
301 497
300 497
307 502
307 502
306 501
305 500
304 499
304 499
303 498
302 497
302 497
309 502
308 502
307 501
307 500
306 499
305 499
304 498
304 497
303 497
310 502
309 502
309 501
308 500
307 499
307 499
306 498
305 497
304 497
311 502
311 502
310 501
309 500
309 499
308 499
307 498
307 497
306 497
313 502
312 502
311 501
311 500
310 499
309 499
309 498
308 497
307 497
314 502
314 502
313 501
312 500
311 499
311 499
310 498
309 497
309 497
316 502
315 502
314 501
314 500
313 499
312 499
311 498
311 497
310 497
317 502
316 502
316 501
315 500
314 499
314 499
313 498
312 497
311 497
319 502
318 502
317 501
316 500
316 499
315 499
314 498
314 497
313 497
320 502
319 502
319 501
318 500
317 499
316 499
316 498
315 497
314 497
321 502
321 502
320 501
319 500
319 499
318 499
317 498
316 497
316 497
323 502
322 502
321 501
321 500
320 499
319 499
319 498
318 497
317 497
324 502
324 502
323 501
322 500
321 499
321 499
320 498
319 497
319 497
326 502
325 502
324 501
324 500
323 499
322 499
321 498
321 497
320 497
327 502
326 502
326 501
325 500
324 499
324 499
323 498
322 497
321 497
328 502
328 502
327 501
326 500
326 499
325 499
324 498
324 497
323 497
330 502
329 502
328 501
328 500
327 499
326 499
326 498
325 497
324 497
331 502
331 502
330 501
329 500
328 499
328 499
327 498
326 497
326 497
333 502
332 502
331 501
331 500
330 499
329 499
328 498
328 497
327 497
334 502
333 502
333 501
332 500
331 499
331 499
330 498
329 497
328 497
336 502
335 502
334 501
333 500
333 499
332 499
331 498
331 497
330 497
337 502
336 502
336 501
335 500
334 499
333 499
333 498
332 497
331 497
338 502
338 502
337 501
336 500
336 499
335 499
334 498
333 497
333 497
340 502
339 502
338 501
338 500
337 499
336 499
336 498
335 497
334 497
341 502
340 502
340 501
339 500
338 499
338 499
337 498
336 497
336 497
343 502
342 502
341 501
340 500
340 499
339 499
338 498
338 497
337 497
344 502
343 502
343 501
342 500
341 499
340 499
340 498
339 497
338 497
345 502
345 502
344 501
343 500
343 499
342 499
341 498
340 497
340 497
347 502
346 502
345 501
345 500
344 499
343 499
343 498
342 497
341 497
348 502
348 502
347 501
346 500
345 499
345 499
344 498
343 497
343 497
350 502
349 502
348 501
348 500
347 499
346 499
345 498
345 497
344 497
351 502
350 502
350 501
349 500
348 499
348 499
347 498
346 497
345 497
353 502
352 502
351 501
350 500
350 499
349 499
348 498
348 497
347 497
354 502
353 502
353 501
352 500
351 499
350 499
350 498
349 497
348 497
355 502
355 502
354 501
353 500
353 499
352 499
351 498
350 497
350 497
357 502
356 502
355 501
355 500
354 499
353 499
353 498
352 497
351 497
358 502
357 502
357 501
356 500
355 499
355 499
354 498
353 497
353 497
360 502
359 502
358 501
357 500
357 499
356 499
355 498
355 497
354 497
361 502
360 502
360 501
359 500
358 499
357 499
357 498
356 497
355 497
362 502
362 502
361 501
360 500
360 499
359 499
358 498
357 497
357 497
364 502
363 502
362 501
362 500
361 499
360 499
360 498
359 497
358 497
365 502
365 502
364 501
363 500
362 499
362 499
361 498
360 497
360 497
367 502
366 502
365 501
365 500
364 499
363 499
362 498
362 497
361 497
368 502
367 502
367 501
366 500
365 499
365 499
364 498
363 497
362 497
369 502
369 502
368 501
367 500
367 499
366 499
365 498
365 497
364 497
371 502
370 502
369 501
369 500
368 499
367 499
367 498
366 497
365 497
372 502
372 502
371 501
370 500
369 499
369 499
368 498
367 497
367 497
374 502
373 502
372 501
372 500
371 499
370 499
369 498
369 497
368 497
375 502
374 502
374 501
373 500
372 499
372 499
371 498
370 497
369 497
377 502
376 502
375 501
374 500
374 499
373 499
372 498
372 497
371 497
378 502
377 502
377 501
376 500
375 499
374 499
374 498
373 497
372 497
379 502
379 502
378 501
377 500
377 499
376 499
375 498
374 497
374 497
381 502
380 502
379 501
379 500
378 499
377 499
377 498
376 497
375 497
382 502
381 502
381 501
380 500
379 499
379 499
378 498
377 497
377 497
384 502
383 502
382 501
381 500
381 499
380 499
379 498
379 497
378 497
385 502
384 502
384 501
383 500
382 499
381 499
381 498
380 497
379 497
386 502
386 502
385 501
384 500
384 499
383 499
382 498
381 497
381 497
388 502
387 502
386 501
386 500
385 499
384 499
384 498
383 497
382 497
389 502
389 502
388 501
387 500
386 499
386 499
385 498
384 497
384 497
391 502
390 502
389 501
389 500
388 499
387 499
386 498
386 497
385 497
392 502
391 502
391 501
390 500
389 499
389 499
388 498
387 497
386 497
394 502
393 502
392 501
391 500
391 499
390 499
389 498
389 497
388 497
395 502
394 502
394 501
393 500
392 499
391 499
391 498
390 497
389 497
396 502
396 502
395 501
394 500
394 499
393 499
392 498
391 497
391 497
398 502
397 502
396 501
396 500
395 499
394 499
394 498
393 497
392 497
399 502
398 502
398 501
397 500
396 499
396 499
395 498
394 497
394 497
401 502
400 502
399 501
398 500
398 499
397 499
396 498
396 497
395 497
402 502
401 502
401 501
400 500
399 499
398 499
398 498
397 497
396 497
403 502
403 502
402 501
401 500
401 499
400 499
399 498
398 497
398 497
405 502
404 502
403 501
403 500
402 499
401 499
401 498
400 497
399 497
406 502
406 502
405 501
404 500
403 499
403 499
402 498
401 497
401 497
408 502
407 502
406 501
406 500
405 499
404 499
403 498
403 497
402 497
409 502
408 502
408 501
407 500
406 499
406 499
405 498
404 497
403 497
410 502
410 502
409 501
408 500
408 499
407 499
406 498
406 497
405 497
412 502
411 502
410 501
410 500
409 499
408 499
408 498
407 497
406 497
413 502
413 502
412 501
411 500
410 499
410 499
409 498
408 497
408 497
415 502
414 502
413 501
413 500
412 499
411 499
410 498
410 497
409 497
416 502
415 502
415 501
414 500
413 499
413 499
412 498
411 497
410 497
418 502
417 502
416 501
415 500
415 499
414 499
413 498
413 497
412 497
419 502
418 502
418 501
417 500
416 499
415 499
415 498
414 497
413 497
420 502
420 502
419 501
418 500
418 499
417 499
416 498
415 497
415 497
422 502
421 502
420 501
420 500
419 499
418 499
418 498
417 497
416 497
423 502
423 502
422 501
421 500
420 499
420 499
419 498
418 497
418 497
425 502
424 502
423 501
423 500
422 499
421 499
420 498
420 497
419 497
426 502
425 502
425 501
424 500
423 499
423 499
422 498
421 497
420 497
427 502
427 502
426 501
425 500
425 499
424 499
423 498
423 497
422 497
429 502
428 502
427 501
427 500
426 499
425 499
425 498
424 497
423 497
430 502
430 502
429 501
428 500
427 499
427 499
426 498
425 497
425 497
432 502
431 502
430 501
430 500
429 499
428 499
427 498
427 497
426 497
433 502
432 502
432 501
431 500
430 499
430 499
429 498
428 497
427 497
435 502
434 502
433 501
432 500
432 499
431 499
430 498
430 497
429 497
436 502
435 502
435 501
434 500
433 499
432 499
432 498
431 497
430 497
437 502
437 502
436 501
435 500
435 499
434 499
433 498
432 497
432 497
439 502
438 502
437 501
437 500
436 499
435 499
435 498
434 497
433 497
440 502
439 502
439 501
438 500
437 499
437 499
436 498
435 497
435 497
442 502
441 502
440 501
439 500
439 499
438 499
437 498
437 497
436 497
443 502
442 502
442 501
441 500
440 499
439 499
439 498
438 497
437 497
444 502
444 502
443 501
442 500
442 499
441 499
440 498
439 497
439 497
446 502
445 502
444 501
444 500
443 499
442 499
442 498
441 497
440 497
447 502
447 502
446 501
445 500
444 499
444 499
443 498
442 497
442 497
449 502
448 502
447 501
447 500
446 499
445 499
444 498
444 497
443 497
450 502
449 502
449 501
448 500
447 499
447 499
446 498
445 497
444 497
452 502
451 502
450 501
449 500
449 499
448 499
447 498
447 497
446 497
453 502
452 502
452 501
451 500
450 499
449 499
449 498
448 497
447 497
454 502
454 502
453 501
452 500
452 499
451 499
450 498
449 497
449 497
456 502
455 502
454 501
454 500
453 499
452 499
452 498
451 497
450 497
457 502
456 502
456 501
455 500
454 499
454 499
453 498
452 497
452 497
459 502
458 502
457 501
456 500
456 499
455 499
454 498
454 497
453 497
460 502
459 502
459 501
458 500
457 499
456 499
456 498
455 497
454 497
461 502
461 502
460 501
459 500
459 499
458 499
457 498
456 497
456 497
463 502
462 502
461 501
461 500
460 499
459 499
459 498
458 497
457 497
464 502
464 502
463 501
462 500
461 499
461 499
460 498
459 497
459 497
466 502
465 502
464 501
464 500
463 499
462 499
461 498
461 497
460 497
467 502
466 502
466 501
465 500
464 499
464 499
463 498
462 497
461 497
468 502
468 502
467 501
466 500
466 499
465 499
464 498
464 497
463 497
470 502
469 502
468 501
468 500
467 499
466 499
466 498
465 497
464 497
471 502
471 502
470 501
469 500
468 499
468 499
467 498
466 497
466 497
473 502
472 502
471 501
471 500
470 499
469 499
468 498
468 497
467 497
474 502
473 502
473 501
472 500
471 499
471 499
470 498
469 497
468 497
476 502
475 502
474 501
473 500
473 499
472 499
471 498
471 497
470 497
477 502
476 502
476 501
475 500
474 499
473 499
473 498
472 497
471 497
478 502
478 502
477 501
476 500
476 499
475 499
474 498
473 497
473 497
480 502
479 502
478 501
478 500
477 499
476 499
476 498
475 497
474 497
481 502
480 502
480 501
479 500
478 499
478 499
477 498
476 497
476 497
483 502
482 502
481 501
480 500
480 499
479 499
478 498
478 497
477 497
484 502
483 502
483 501
482 500
481 499
480 499
480 498
479 497
478 497
485 502
485 502
484 501
483 500
483 499
482 499
481 498
480 497
480 497
487 502
486 502
485 501
485 500
484 499
483 499
483 498
482 497
481 497
488 502
488 502
487 501
486 500
485 499
485 499
484 498
483 497
483 497
490 502
489 502
488 501
488 500
487 499
486 499
485 498
485 497
484 497
491 502
490 502
490 501
489 500
488 499
488 499
487 498
486 497
485 497
493 502
492 502
491 501
490 500
490 499
489 499
488 498
488 497
487 497
494 502
493 502
493 501
492 500
491 499
490 499
490 498
489 497
488 497
495 502
495 502
494 501
493 500
493 499
492 499
491 498
490 497
490 497
497 502
496 502
495 501
495 500
494 499
493 499
493 498
492 497
491 497
498 502
497 502
497 501
496 500
495 499
495 499
494 498
493 497
493 497
500 502
499 502
498 501
497 500
497 499
496 499
495 498
495 497
494 497
501 502
500 502
500 501
499 500
498 499
497 499
497 498
496 497
495 497
502 502
502 502
501 501
500 500
500 499
499 499
498 498
497 497
497 497
504 502
503 502
502 501
502 500
501 499
500 499
500 498
499 497
498 497
505 502
505 502
504 501
503 500
502 499
502 499
501 498
500 497
500 497
507 502
506 502
505 501
505 500
504 499
503 499
502 498
502 497
501 497
508 502
507 502
507 501
506 500
505 499
505 499
504 498
503 497
502 497
509 502
509 502
508 501
507 500
507 499
506 499
505 498
505 497
504 497
511 502
510 502
509 501
509 500
508 499
507 499
507 498
506 497
505 497
512 502
512 502
511 501
510 500
509 499
509 499
508 498
507 497
507 497
514 502
513 502
512 501
512 500
511 499
510 499
509 498
509 497
508 497
515 502
514 502
514 501
513 500
512 499
512 499
511 498
510 497
509 497
517 502
516 502
515 501
514 500
514 499
513 499
512 498
512 497
511 497
518 502
517 502
517 501
516 500
515 499
514 499
514 498
513 497
512 497
519 502
519 502
518 501
517 500
517 499
516 499
515 498
514 497
514 497
521 502
520 502
519 501
519 500
518 499
517 499
517 498
516 497
515 497
522 502
522 502
521 501
520 500
519 499
519 499
518 498
517 497
517 497
524 502
523 502
522 501
522 500
521 499
520 499
519 498
519 497
518 497
525 502
524 502
524 501
523 500
522 499
522 499
521 498
520 497
519 497
526 502
526 502
525 501
524 500
524 499
523 499
522 498
522 497
521 497
528 502
527 502
526 501
526 500
525 499
524 499
524 498
523 497
522 497
529 502
529 502
528 501
527 500
526 499
526 499
525 498
524 497
524 497
531 502
530 502
529 501
529 500
528 499
527 499
526 498
526 497
525 497
532 502
531 502
531 501
530 500
529 499
529 499
528 498
527 497
526 497
534 502
533 502
532 501
531 500
531 499
530 499
529 498
529 497
528 497
535 502
534 502
534 501
533 500
532 499
531 499
531 498
530 497
529 497
532 498
531 497
531 497
533 497
532 497
534 497
541 502
542 502
541 502
543 502
543 502
542 501
545 502
544 502
543 501
543 500
546 502
546 502
545 501
544 500
543 499
548 502
547 502
546 501
546 500
545 499
544 499
543 498
543 497
542 497
549 502
548 502
548 501
547 500
546 499
546 499
545 498
544 497
543 497
550 502
550 502
549 501
548 500
548 499
547 499
546 498
546 497
545 497
552 502
551 502
550 501
550 500
549 499
548 499
548 498
547 497
546 497
553 502
553 502
552 501
551 500
550 499
550 499
549 498
548 497
548 497
555 502
554 502
553 501
553 500
552 499
551 499
550 498
550 497
549 497
556 502
555 502
555 501
554 500
553 499
553 499
552 498
551 497
550 497
558 502
557 502
556 501
555 500
555 499
554 499
553 498
553 497
552 497
559 502
558 502
558 501
557 500
556 499
555 499
555 498
554 497
553 497
560 502
560 502
559 501
558 500
558 499
557 499
556 498
555 497
555 497
562 502
561 502
560 501
560 500
559 499
558 499
558 498
557 497
556 497
563 502
562 501
561 500
560 499
560 499
559 498
558 497
558 497
563 501
563 500
562 499
561 499
560 498
560 497
559 497
564 500
563 499
563 499
562 498
561 497
560 497
565 499
564 499
563 498
563 497
562 497
565 499
565 498
564 497
563 497
573 502
572 502
572 501
571 500
575 502
574 502
573 501
572 500
572 499
576 502
575 502
575 501
574 500
573 499
572 499
577 502
577 502
576 501
575 500
575 499
574 499
573 498
579 502
578 502
577 501
577 500
576 499
575 499
575 498
574 497
580 502
579 502
579 501
578 500
577 499
577 499
576 498
575 497
575 497
582 502
581 502
580 501
579 500
579 499
578 499
577 498
577 497
576 497
583 502
582 502
582 501
581 500
580 499
579 499
579 498
578 497
577 497
584 502
584 502
583 501
582 500
582 499
581 499
580 498
579 497
579 497
586 502
585 502
584 501
584 500
583 499
582 499
582 498
581 497
580 497
587 502
587 502
586 501
585 500
584 499
584 499
583 498
582 497
582 497
589 502
588 502
587 501
587 500
586 499
585 499
584 498
584 497
583 497
590 502
589 502
589 501
588 500
587 499
587 499
586 498
585 497
584 497
592 502
591 502
590 501
589 500
589 499
588 499
587 498
587 497
586 497
593 502
592 502
592 501
591 500
590 499
589 499
589 498
588 497
587 497
594 502
594 502
593 501
592 500
592 499
591 499
590 498
589 497
589 497
596 502
595 502
594 501
594 500
593 499
592 499
592 498
591 497
590 497
597 502
596 502
596 501
595 500
594 499
594 499
593 498
592 497
592 497
594 498
594 497
593 497
595 497
594 497
603 502
604 502
604 502
606 502
605 502
604 501
607 502
606 502
606 501
605 500
608 502
608 502
607 501
606 500
606 499
610 502
609 502
608 501
608 500
607 499
606 499
606 498
605 497
611 502
611 502
610 501
609 500
608 499
608 499
607 498
606 497
606 497
613 502
612 502
611 501
611 500
610 499
609 499
608 498
608 497
607 497
614 502
613 502
613 501
612 500
611 499
611 499
610 498
609 497
608 497
616 502
615 502
614 501
613 500
613 499
612 499
611 498
611 497
610 497
617 502
616 502
616 501
615 500
614 499
613 499
613 498
612 497
611 497
618 502
618 502
617 501
616 500
616 499
615 499
614 498
613 497
613 497
620 502
619 502
618 501
618 500
617 499
616 499
616 498
615 497
614 497
621 502
621 502
620 501
619 500
618 499
618 499
617 498
616 497
616 497
623 502
622 502
621 501
621 500
620 499
619 499
618 498
618 497
617 497
624 502
623 502
623 501
622 500
621 499
621 499
620 498
619 497
618 497
625 502
625 502
624 501
623 500
623 499
622 499
621 498
621 497
620 497
627 502
626 502
625 501
625 500
624 499
623 499
623 498
622 497
621 497
628 502
628 502
627 501
626 500
625 499
625 499
624 498
623 497
623 497
630 502
629 502
628 501
628 500
627 499
626 499
625 498
625 497
624 497
631 502
630 502
630 501
629 500
628 499
628 499
627 498
626 497
625 497
633 502
632 502
631 501
630 500
630 499
629 499
628 498
628 497
627 497
634 502
633 502
633 501
632 500
631 499
630 499
630 498
629 497
628 497
635 502
635 502
634 501
633 500
633 499
632 499
631 498
630 497
630 497
637 502
636 502
635 501
635 500
634 499
633 499
633 498
632 497
631 497
638 502
637 502
637 501
636 500
635 499
635 499
634 498
633 497
633 497
639 502
638 501
637 500
637 499
636 499
635 498
635 497
634 497
640 501
639 500
638 499
637 499
637 498
636 497
635 497
640 500
640 499
639 499
638 498
637 497
637 497
638 497
649 502
649 502
648 501
647 500
651 502
650 502
649 501
649 500
648 499
652 502
652 502
651 501
650 500
649 499
649 499
654 502
653 502
652 501
652 500
651 499
650 499
649 498
655 502
654 502
654 501
653 500
652 499
652 499
651 498
650 497
649 497
657 502
656 502
655 501
654 500
654 499
653 499
652 498
652 497
651 497
658 502
657 502
657 501
656 500
655 499
654 499
654 498
653 497
652 497
659 502
659 502
658 501
657 500
657 499
656 499
655 498
654 497
654 497
661 502
660 502
659 501
659 500
658 499
657 499
657 498
656 497
655 497
662 502
662 502
661 501
660 500
659 499
659 499
658 498
657 497
657 497
664 502
663 502
662 501
662 500
661 499
660 499
659 498
659 497
658 497
665 502
664 502
664 501
663 500
662 499
662 499
661 498
660 497
659 497
666 502
666 502
665 501
664 500
664 499
663 499
662 498
662 497
661 497
668 502
667 502
666 501
666 500
665 499
664 499
664 498
663 497
662 497
669 502
669 502
668 501
667 500
666 499
666 499
665 498
664 497
664 497
671 502
670 502
669 501
669 500
668 499
667 499
666 498
666 497
665 497
672 502
671 502
671 501
670 500
669 499
669 499
668 498
667 497
666 497
674 502
673 502
672 501
671 500
671 499
670 499
669 498
669 497
668 497
675 502
674 502
674 501
673 500
672 499
671 499
671 498
670 497
669 497
676 502
676 502
675 501
674 500
674 499
673 499
672 498
671 497
671 497
678 502
677 502
676 501
676 500
675 499
674 499
674 498
673 497
672 497
679 502
678 502
678 501
677 500
676 499
676 499
675 498
674 497
674 497
681 502
680 502
679 501
678 500
678 499
677 499
676 498
676 497
675 497
682 502
681 502
681 501
680 500
679 499
678 499
678 498
677 497
676 497
683 502
683 502
682 501
681 500
681 499
680 499
679 498
678 497
678 497
685 502
684 502
683 501
683 500
682 499
681 499
681 498
680 497
679 497
686 502
686 502
685 501
684 500
683 499
683 499
682 498
681 497
681 497
688 502
687 502
686 501
686 500
685 499
684 499
683 498
683 497
682 497
691 504
689 502
688 502
688 501
687 500
686 499
686 499
685 498
684 497
683 497
692 504
691 503
691 502
690 502
689 501
688 500
688 499
687 499
686 498
686 497
685 497
693 504
693 503
692 502
691 502
691 501
690 500
689 499
688 499
688 498
687 497
686 497
695 504
694 503
693 502
693 502
692 501
691 500
691 499
690 499
689 498
688 497
688 497
696 504
695 503
695 502
694 502
693 501
693 500
692 499
691 499
691 498
690 497
689 497
698 504
697 503
696 502
695 502
695 501
694 500
693 499
693 499
692 498
691 497
691 497
999 803
998 803
997 802
997 801
996 801
995 800
995 799
994 799
993 798
992 797
992 796
991 796
990 795
990 794
989 794
988 793
988 792
987 791
986 791
985 790
985 789
984 789
983 788
983 787
982 787
981 786
980 785
980 784
979 784
978 783
978 782
977 782
976 781
975 780
975 779
974 779
973 778
973 777
972 777
971 776
971 775
970 774
969 774
968 773
968 772
967 772
966 771
966 770
965 770
964 769
963 768
963 767
962 767
961 766
961 765
960 765
959 764
959 763
958 762
957 762
956 761
956 760
955 760
954 759
954 758
953 758
952 757
951 756
951 755
950 755
949 754
949 753
948 753
947 752
946 751
946 750
945 750
944 749
944 748
943 748
942 747
942 746
941 745
940 745
939 744
939 743
938 743
937 742
937 741
936 741
935 740
934 739
934 738
933 738
932 737
932 736
931 736
930 735
930 734
929 733
928 733
927 732
927 731
926 731
925 730
925 729
924 729
923 728
922 727
922 726
921 726
920 725
920 724
919 724
918 723
918 722
917 721
916 721
915 720
915 719
914 719
913 718
913 717
912 717
911 716
910 715
910 714
909 714
908 713
908 712
907 712
904 709
903 708
903 707
902 707
901 706
901 705
900 704
899 704
898 703
898 702
897 702
896 701
896 700
895 700
894 699
893 698
893 697
892 697
891 696
891 695
890 695
889 694
889 693
888 692
887 692
886 691
886 690
885 690
884 689
884 688
883 688
882 687
881 686
881 685
880 685
879 684
879 683
878 683
877 682
876 681
876 680
875 680
874 679
874 678
873 678
872 677
872 676
871 675
870 675
869 674
869 673
868 673
867 672
867 671
866 671
865 670
864 669
864 668
863 668
862 667
862 666
861 666
860 665
860 664
859 663
858 663
857 662
857 661
856 661
855 660
855 659
854 659
853 658
852 657
852 656
851 656
850 655
850 654
849 654
848 653
847 652
847 651
846 651
845 650
845 649
844 649
843 648
843 647
842 647
841 646
840 645
840 644
839 644
838 643
838 642
837 642
836 641
835 640
835 639
834 639
833 638
833 637
832 637
831 636
831 635
830 634
829 634
828 633
828 632
827 632
826 631
826 630
825 630
824 629
823 628
823 627
822 627
821 626
821 625
820 625
819 624
819 623
818 622
817 622
816 621
816 620
815 620
814 619
814 618
813 618
812 617
811 616
811 615
810 615
809 614
809 613
808 613
807 612
806 611
806 610
805 610
804 609
804 608
803 608
802 607
802 606
801 605
800 605
799 604
799 603
798 603
797 602
797 601
796 601
795 600
794 599
794 598
793 598
792 597
792 596
791 596
790 595
790 594
789 593
788 593
787 592
787 591
786 591
785 590
785 589
784 589
783 588
782 587
782 586
781 586
780 585
780 584
779 584
778 583
777 582
777 581
776 581
775 580
775 579
774 579
773 578
773 577
772 577
771 576
770 575
770 574
769 574
768 573
768 572
767 572
766 571
765 570
765 569
764 569
763 568
763 567
762 567
761 566
761 565
760 564
759 564
758 563
758 562
757 562
756 561
756 560
755 560
754 559
753 558
753 557
752 557
751 556
751 555
750 555
749 554
748 553
748 552
747 552
746 551
746 550
745 550
744 549
744 548
743 548
742 547
741 546
741 545
740 545
739 544
739 543
738 543
737 542
736 541
736 540
735 540
734 539
734 538
733 538
732 537
726 531
725 530
724 529
724 528
723 528
722 527
722 526
721 526
720 525
719 524
719 523
718 523
717 522
717 521
716 521
715 520
715 519
714 519
713 518
712 517
712 516
711 516
710 515
710 514
709 514
708 513
707 512
707 511
706 511
705 510
705 509
704 509
703 508
703 507
702 507
701 506
700 505
700 504
699 504
698 503
698 502
697 502
696 501
695 500
695 499
694 499
693 498
693 497
692 497
999 802
998 801
997 801
997 800
996 799
995 799
995 798
994 797
993 796
992 796
992 795
991 794
990 794
990 793
989 792
988 791
988 791
987 790
986 789
985 789
985 788
984 787
983 787
983 786
982 785
981 784
980 784
980 783
979 782
978 782
978 781
977 780
976 779
975 779
975 778
974 777
973 777
973 776
972 775
971 774
971 774
970 773
969 772
968 772
968 771
967 770
966 770
966 769
965 768
964 767
963 767
963 766
962 765
961 765
961 764
960 763
959 762
959 762
958 761
957 760
956 760
956 759
955 758
954 758
954 757
953 756
952 755
951 755
951 754
950 753
949 753
949 752
948 751
947 750
946 750
946 749
945 748
944 748
944 747
943 746
942 745
942 745
941 744
940 743
939 743
939 742
938 741
937 741
937 740
936 739
935 738
934 738
934 737
933 736
932 736
932 735
931 734
930 733
930 733
929 732
928 731
927 731
927 730
926 729
925 729
925 728
924 727
923 726
922 726
922 725
921 724
920 724
920 723
919 722
918 721
918 721
917 720
916 719
915 719
915 718
914 717
913 717
913 716
912 715
911 714
910 714
910 713
909 712
908 712
908 711
905 708
904 707
903 707
903 706
902 705
901 704
901 704
900 703
899 702
898 702
898 701
897 700
896 700
896 699
895 698
894 697
893 697
893 696
892 695
891 695
891 694
890 693
889 692
889 692
888 691
887 690
886 690
886 689
885 688
884 688
884 687
883 686
882 685
881 685
881 684
880 683
879 683
879 682
878 681
877 680
876 680
876 679
875 678
874 678
874 677
873 676
872 675
872 675
871 674
870 673
869 673
869 672
868 671
867 671
867 670
866 669
865 668
864 668
864 667
863 666
862 666
862 665
861 664
860 663
860 663
859 662
858 661
857 661
857 660
856 659
855 659
855 658
854 657
853 656
852 656
852 655
851 654
850 654
850 653
849 652
848 651
847 651
847 650
846 649
845 649
845 648
844 647
843 647
843 646
842 645
841 644
840 644
840 643
839 642
838 642
838 641
837 640
836 639
835 639
835 638
834 637
833 637
833 636
832 635
831 634
831 634
830 633
829 632
828 632
828 631
827 630
826 630
826 629
825 628
824 627
823 627
823 626
822 625
821 625
821 624
820 623
819 622
819 622
818 621
817 620
816 620
816 619
815 618
814 618
814 617
813 616
812 615
811 615
811 614
810 613
809 613
809 612
808 611
807 610
806 610
806 609
805 608
804 608
804 607
803 606
802 605
802 605
801 604
800 603
799 603
799 602
798 601
797 601
797 600
796 599
795 598
794 598
794 597
793 596
792 596
792 595
791 594
790 593
790 593
789 592
788 591
787 591
787 590
786 589
785 589
785 588
784 587
783 586
782 586
782 585
781 584
780 584
780 583
779 582
778 581
777 581
777 580
776 579
775 579
775 578
774 577
773 577
773 576
772 575
771 574
770 574
770 573
769 572
768 572
768 571
767 570
766 569
765 569
765 568
764 567
763 567
763 566
762 565
761 564
761 564
760 563
759 562
758 562
758 561
757 560
756 560
756 559
755 558
754 557
753 557
753 556
752 555
751 555
751 554
750 553
749 552
748 552
748 551
747 550
746 550
746 549
745 548
744 548
744 547
743 546
742 545
741 545
741 544
740 543
739 543
739 542
738 541
737 540
736 540
736 539
735 538
734 538
734 537
733 536
727 530
726 529
725 528
724 528
724 527
723 526
722 526
722 525
721 524
720 523
719 523
719 522
718 521
717 521
717 520
716 519
715 519
715 518
714 517
713 516
712 516
712 515
711 514
710 514
710 513
709 512
708 511
707 511
707 510
706 509
705 509
705 508
704 507
703 507
703 506
702 505
701 504
700 504
700 503
699 502
698 502
698 501
697 500
696 499
695 499
695 498
694 497
693 497
999 801
998 800
997 799
997 799
996 798
995 797
995 796
994 796
993 795
992 794
992 794
991 793
990 792
990 791
989 791
988 790
988 789
987 789
986 788
985 787
985 787
984 786
983 785
983 784
982 784
981 783
980 782
980 782
979 781
978 780
978 779
977 779
976 778
975 777
975 777
974 776
973 775
973 774
972 774
971 773
971 772
970 772
969 771
968 770
968 770
967 769
966 768
966 767
965 767
964 766
963 765
963 765
962 764
961 763
961 762
960 762
959 761
959 760
958 760
957 759
956 758
956 758
955 757
954 756
954 755
953 755
952 754
951 753
951 753
950 752
949 751
949 750
948 750
947 749
946 748
946 748
945 747
944 746
944 745
943 745
942 744
942 743
941 743
940 742
939 741
939 741
938 740
937 739
937 738
936 738
935 737
934 736
934 736
933 735
932 734
932 733
931 733
930 732
930 731
929 731
928 730
927 729
927 729
926 728
925 727
925 726
924 726
923 725
922 724
922 724
921 723
920 722
920 721
919 721
918 720
918 719
917 719
916 718
915 717
915 717
914 716
913 715
913 714
912 714
911 713
910 712
910 712
909 711
908 710
908 709
907 709
906 708
905 707
905 707
904 706
903 705
903 704
902 704
901 703
901 702
900 702
899 701
898 700
898 700
897 699
896 698
896 697
895 697
894 696
893 695
893 695
892 694
891 693
891 692
890 692
889 691
889 690
888 690
887 689
886 688
886 688
885 687
884 686
884 685
883 685
882 684
881 683
881 683
880 682
879 681
879 680
878 680
877 679
876 678
876 678
875 677
874 676
874 675
873 675
872 674
872 673
871 673
870 672
869 671
869 671
868 670
867 669
867 668
866 668
865 667
864 666
864 666
863 665
862 664
862 663
861 663
860 662
860 661
859 661
858 660
857 659
857 659
856 658
855 657
855 656
854 656
853 655
852 654
852 654
851 653
850 652
850 651
849 651
848 650
847 649
847 649
846 648
845 647
845 647
844 646
843 645
843 644
842 644
841 643
840 642
840 642
839 641
838 640
838 639
837 639
836 638
835 637
835 637
834 636
833 635
833 634
832 634
831 633
831 632
830 632
829 631
828 630
828 630
827 629
826 628
826 627
825 627
824 626
823 625
823 625
822 624
821 623
821 622
820 622
819 621
819 620
818 620
817 619
816 618
816 618
815 617
814 616
814 615
813 615
812 614
811 613
811 613
810 612
809 611
809 610
808 610
807 609
806 608
806 608
805 607
804 606
804 605
803 605
802 604
802 603
801 603
800 602
799 601
799 601
798 600
797 599
797 598
796 598
795 597
794 596
794 596
793 595
792 594
792 593
791 593
790 592
790 591
789 591
788 590
787 589
787 589
786 588
785 587
785 586
784 586
783 585
782 584
782 584
781 583
780 582
780 581
779 581
778 580
777 579
777 579
776 578
775 577
775 577
774 576
773 575
773 574
772 574
771 573
770 572
770 572
769 571
768 570
768 569
767 569
766 568
765 567
765 567
764 566
763 565
763 564
762 564
761 563
761 562
760 562
759 561
758 560
758 560
757 559
756 558
756 557
755 557
754 556
753 555
753 555
752 554
751 553
751 552
750 552
749 551
748 550
748 550
747 549
746 548
746 548
745 547
744 546
744 545
743 545
742 544
741 543
741 543
740 542
739 541
739 540
738 540
737 539
736 538
736 538
735 537
734 536
734 536
727 529
727 528
726 528
725 527
724 526
724 526
723 525
722 524
722 523
721 523
720 522
719 521
719 521
718 520
717 519
717 519
716 518
715 517
715 516
714 516
713 515
712 514
712 514
711 513
710 512
710 511
709 511
708 510
707 509
707 509
706 508
705 507
705 507
704 506
703 505
703 504
702 504
701 503
700 502
700 502
699 501
698 500
698 499
697 499
696 498
695 497
695 497
999 799
998 799
997 798
997 797
996 796
995 796
995 795
994 794
993 794
992 793
992 792
991 791
990 791
990 790
989 789
988 789
988 788
987 787
986 787
985 786
985 785
984 784
983 784
983 783
982 782
981 782
980 781
980 780
979 779
978 779
978 778
977 777
976 777
975 776
975 775
974 774
973 774
973 773
972 772
971 772
971 771
970 770
969 770
968 769
968 768
967 767
966 767
966 766
965 765
964 765
963 764
963 763
962 762
961 762
961 761
960 760
959 760
959 759
958 758
957 758
956 757
956 756
955 755
954 755
954 754
953 753
952 753
951 752
951 751
950 750
949 750
949 749
948 748
947 748
946 747
946 746
945 745
944 745
944 744
943 743
942 743
942 742
941 741
940 741
939 740
939 739
938 738
937 738
937 737
936 736
935 736
934 735
934 734
933 733
932 733
932 732
931 731
930 731
930 730
929 729
928 729
927 728
927 727
926 726
925 726
925 725
924 724
923 724
922 723
922 722
921 721
920 721
920 720
919 719
918 719
918 718
917 717
916 717
915 716
915 715
914 714
913 714
913 713
912 712
911 712
910 711
910 710
909 709
908 709
908 708
907 707
906 707
905 706
905 705
904 704
903 704
903 703
902 702
901 702
901 701
900 700
899 700
898 699
898 698
897 697
896 697
896 696
895 695
894 695
893 694
893 693
892 692
891 692
891 691
890 690
889 690
889 689
888 688
887 688
886 687
886 686
885 685
884 685
884 684
883 683
882 683
881 682
881 681
880 680
879 680
879 679
878 678
877 678
876 677
876 676
875 675
874 675
874 674
873 673
872 673
872 672
871 671
870 671
869 670
869 669
868 668
867 668
867 667
866 666
865 666
864 665
864 664
863 663
862 663
862 662
861 661
860 661
860 660
859 659
858 659
857 658
857 657
856 656
855 656
855 655
854 654
853 654
852 653
852 652
851 651
850 651
850 650
849 649
848 649
847 648
847 647
846 647
845 646
845 645
844 644
843 644
843 643
842 642
841 642
840 641
840 640
839 639
838 639
838 638
837 637
836 637
835 636
835 635
834 634
833 634
833 633
832 632
831 632
831 631
830 630
829 630
828 629
828 628
827 627
826 627
826 626
825 625
824 625
823 624
823 623
822 622
821 622
821 621
820 620
819 620
819 619
818 618
817 618
816 617
816 616
815 615
814 615
814 614
813 613
812 613
811 612
811 611
810 610
809 610
809 609
808 608
807 608
806 607
806 606
805 605
804 605
804 604
803 603
802 603
802 602
801 601
800 601
799 600
799 599
798 598
797 598
797 597
796 596
795 596
794 595
794 594
793 593
792 593
792 592
791 591
790 591
790 590
789 589
788 589
787 588
787 587
786 586
785 586
785 585
784 584
783 584
782 583
782 582
781 581
780 581
780 580
779 579
778 579
777 578
777 577
776 577
775 576
775 575
774 574
773 574
773 573
772 572
771 572
770 571
770 570
769 569
768 569
768 568
767 567
766 567
765 566
765 565
764 564
763 564
763 563
762 562
761 562
761 561
760 560
759 560
758 559
758 558
757 557
756 557
756 556
755 555
754 555
753 554
753 553
752 552
751 552
751 551
750 550
749 550
748 549
748 548
747 548
746 547
746 546
745 545
744 545
744 544
743 543
742 543
741 542
741 541
740 540
739 540
739 539
738 538
737 538
736 537
736 536
735 536
734 535
728 528
727 528
727 527
726 526
725 526
724 525
724 524
723 523
722 523
722 522
721 521
720 521
719 520
719 519
718 519
717 518
717 517
716 516
715 516
715 515
714 514
713 514
712 513
712 512
711 511
710 511
710 510
709 509
708 509
707 508
707 507
706 507
705 506
705 505
704 504
703 504
703 503
702 502
701 502
700 501
700 500
699 499
698 499
698 498
696 497
999 798
998 797
997 796
997 796
996 795
995 794
995 794
994 793
993 792
992 791
992 791
991 790
990 789
990 789
989 788
988 787
988 787
987 786
986 785
985 784
985 784
984 783
983 782
983 782
982 781
981 780
980 779
980 779
979 778
978 777
978 777
977 776
976 775
975 774
975 774
974 773
973 772
973 772
972 771
971 770
971 770
970 769
969 768
968 767
968 767
967 766
966 765
966 765
965 764
964 763
963 762
963 762
962 761
961 760
961 760
960 759
959 758
959 758
958 757
957 756
956 755
956 755
955 754
954 753
954 753
953 752
952 751
951 750
951 750
950 749
949 748
949 748
948 747
947 746
946 745
946 745
945 744
944 743
944 743
943 742
942 741
942 741
941 740
940 739
939 738
939 738
938 737
937 736
937 736
936 735
935 734
934 733
934 733
933 732
932 731
932 731
931 730
930 729
930 729
929 728
928 727
927 726
927 726
926 725
925 724
925 724
924 723
923 722
922 721
922 721
921 720
920 719
920 719
919 718
918 717
918 717
917 716
916 715
915 714
915 714
914 713
913 712
913 712
912 711
911 710
910 709
910 709
909 708
908 707
908 707
907 706
906 705
905 704
905 704
904 703
903 702
903 702
902 701
901 700
901 700
900 699
899 698
898 697
898 697
897 696
896 695
896 695
895 694
894 693
893 692
893 692
892 691
891 690
891 690
890 689
889 688
889 688
888 687
887 686
886 685
886 685
885 684
884 683
884 683
883 682
882 681
881 680
881 680
880 679
879 678
879 678
878 677
877 676
876 675
876 675
875 674
874 673
874 673
873 672
872 671
872 671
871 670
870 669
869 668
869 668
868 667
867 666
867 666
866 665
865 664
864 663
864 663
863 662
862 661
862 661
861 660
860 659
860 659
859 658
858 657
857 656
857 656
856 655
855 654
855 654
854 653
853 652
852 651
852 651
851 650
850 649
850 649
849 648
848 647
847 647
847 646
846 645
845 644
845 644
844 643
843 642
843 642
842 641
841 640
840 639
840 639
839 638
838 637
838 637
837 636
836 635
835 634
835 634
834 633
833 632
833 632
832 631
831 630
831 630
830 629
829 628
828 627
828 627
827 626
826 625
826 625
825 624
824 623
823 622
823 622
822 621
821 620
821 620
820 619
819 618
819 618
818 617
817 616
816 615
816 615
815 614
814 613
814 613
813 612
812 611
811 610
811 610
810 609
809 608
809 608
808 607
807 606
806 605
806 605
805 604
804 603
804 603
803 602
802 601
802 601
801 600
800 599
799 598
799 598
798 597
797 596
797 596
796 595
795 594
794 593
794 593
793 592
792 591
792 591
791 590
790 589
790 589
789 588
788 587
787 586
787 586
786 585
785 584
785 584
784 583
783 582
782 581
782 581
781 580
780 579
780 579
779 578
778 577
777 577
777 576
776 575
775 574
775 574
774 573
773 572
773 572
772 571
771 570
770 569
770 569
769 568
768 567
768 567
767 566
766 565
765 564
765 564
764 563
763 562
763 562
762 561
761 560
761 560
760 559
759 558
758 557
758 557
757 556
756 555
756 555
755 554
754 553
753 552
753 552
752 551
751 550
751 550
750 549
749 548
748 548
748 547
747 546
746 545
746 545
745 544
744 543
744 543
743 542
742 541
741 540
741 540
740 539
739 538
739 538
738 537
737 536
736 536
736 535
735 534
729 528
728 527
727 526
727 526
726 525
725 524
724 523
724 523
723 522
722 521
722 521
721 520
720 519
719 519
719 518
718 517
717 516
717 516
716 515
715 514
715 514
714 513
713 512
712 511
712 511
711 510
710 509
710 509
709 508
708 507
707 507
707 506
706 505
705 504
705 504
704 503
703 502
703 502
702 501
701 500
700 499
699 498
999 796
998 796
997 795
997 794
996 794
995 793
995 792
994 791
993 791
992 790
992 789
991 789
990 788
990 787
989 787
988 786
988 785
987 784
986 784
985 783
985 782
984 782
983 781
983 780
982 779
981 779
980 778
980 777
979 777
978 776
978 775
977 774
976 774
975 773
975 772
974 772
973 771
973 770
972 770
971 769
971 768
970 767
969 767
968 766
968 765
967 765
966 764
966 763
965 762
964 762
963 761
963 760
962 760
961 759
961 758
960 758
959 757
959 756
958 755
957 755
956 754
956 753
955 753
954 752
954 751
953 750
952 750
951 749
951 748
950 748
949 747
949 746
948 745
947 745
946 744
946 743
945 743
944 742
944 741
943 741
942 740
942 739
941 738
940 738
939 737
939 736
938 736
937 735
937 734
936 733
935 733
934 732
934 731
933 731
932 730
932 729
931 729
930 728
930 727
929 726
928 726
927 725
927 724
926 724
925 723
925 722
924 721
923 721
922 720
922 719
921 719
920 718
920 717
919 717
918 716
918 715
917 714
916 714
915 713
915 712
914 712
913 711
913 710
912 709
911 709
910 708
910 707
909 707
908 706
908 705
907 704
906 704
905 703
905 702
904 702
903 701
903 700
902 700
901 699
901 698
900 697
899 697
898 696
898 695
897 695
896 694
896 693
895 692
894 692
893 691
893 690
892 690
891 689
891 688
890 688
889 687
889 686
888 685
887 685
886 684
886 683
885 683
884 682
884 681
883 680
882 680
881 679
881 678
880 678
879 677
879 676
878 675
877 675
876 674
876 673
875 673
874 672
874 671
873 671
872 670
872 669
871 668
870 668
869 667
869 666
868 666
867 665
867 664
866 663
865 663
864 662
864 661
863 661
862 660
862 659
861 659
860 658
860 657
859 656
858 656
857 655
857 654
856 654
855 653
855 652
854 651
853 651
852 650
852 649
851 649
850 648
850 647
849 647
848 646
847 645
847 644
846 644
845 643
845 642
844 642
843 641
843 640
842 639
841 639
840 638
840 637
839 637
838 636
838 635
837 634
836 634
835 633
835 632
834 632
833 631
833 630
832 630
831 629
831 628
830 627
829 627
828 626
828 625
827 625
826 624
826 623
825 622
824 622
823 621
823 620
822 620
821 619
821 618
820 618
819 617
819 616
818 615
817 615
816 614
816 613
815 613
814 612
814 611
813 610
812 610
811 609
811 608
810 608
809 607
809 606
808 605
807 605
806 604
806 603
805 603
804 602
804 601
803 601
802 600
802 599
801 598
800 598
799 597
799 596
798 596
797 595
797 594
796 593
795 593
794 592
794 591
793 591
792 590
792 589
791 589
790 588
790 587
789 586
788 586
787 585
787 584
786 584
785 583
785 582
784 581
783 581
782 580
782 579
781 579
780 578
780 577
779 577
778 576
777 575
777 574
776 574
775 573
775 572
774 572
773 571
773 570
772 569
771 569
770 568
770 567
769 567
768 566
768 565
767 564
766 564
765 563
765 562
764 562
763 561
763 560
762 560
761 559
761 558
760 557
759 557
758 556
758 555
757 555
756 554
756 553
755 552
754 552
753 551
753 550
752 550
751 549
751 548
750 548
749 547
748 546
748 545
747 545
746 544
746 543
745 543
744 542
744 541
743 540
742 540
741 539
741 538
740 538
739 537
739 536
738 536
737 535
736 534
736 533
729 527
729 526
728 526
727 525
727 524
726 523
725 523
724 522
724 521
723 521
722 520
722 519
721 519
720 518
719 517
719 516
718 516
717 515
717 514
716 514
715 513
715 512
714 511
713 511
712 510
712 509
711 509
710 508
710 507
709 507
708 506
707 505
707 504
706 504
705 503
705 502
704 502
703 501
703 500
702 499
910 707
910 706
909 705
911 706
910 705
910 704
