0
[0.000000, 25.000000]
inf
153
0.000000
50.000000

1
[1.925300, -11.349117]
0.115460
67
-1.091750
18.141445

2
[0.000000, 25.000000]
inf
155
0.000000
50.000000

3
[0.481072, 12.984440]
0.236668
40
-0.448391
24.021948

4
[0.000000, 25.000000]
inf
153
0.000000
50.000000

5
[0.000000, 25.000000]
inf
152
0.000000
50.000000

6
[-0.770370, 33.592846]
0.029266
145
0.656411
11.000188

7
[0.000000, 25.000000]
inf
202
0.000000
50.000000

8
[1.203124, 23.710875]
0.116742
95
-0.877336
1.416667

9
[0.000000, 25.000000]
inf
203
0.000000
50.000000

10
[1.014305, -3.270332]
1.206056
91
-0.792500
27.022642

11
[0.000000, 25.000000]
inf
216
0.000000
50.000000

12
[0.000000, 25.000000]
inf
202
0.000000
50.000000

13
[0.026190, 30.954239]
0.821759
104
0.000000
50.000000

