0
[0.00, 25.00]
inf
153
0.00
50.00

1
[1.93, -11.35]
0.12
67
-1.09
18.14

2
[0.00, 25.00]
inf
155
0.00
50.00

3
[0.48, 12.98]
0.24
40
-0.45
24.02

4
[0.00, 25.00]
inf
153
0.00
50.00

5
[0.00, 25.00]
inf
152
0.00
50.00

6
[-0.77, 33.59]
0.03
145
0.66
11.00

7
[0.00, 25.00]
inf
202
0.00
50.00

8
[1.20, 23.71]
0.12
95
-0.88
1.42

9
[0.00, 25.00]
inf
203
0.00
50.00

10
[1.01, -3.27]
1.21
91
-0.79
27.02

11
[0.00, 25.00]
inf
216
0.00
50.00

12
[0.00, 25.00]
inf
202
0.00
50.00

13
[0.03, 30.95]
0.82
104
0.00
50.00

13
[0.00, 25.00]
inf
200
0.00
50.00

